#      date    lon    lat    value 
cdo(1) remapnn: Nearest neighbor weights from lonlat (9x9) to lonlat (1x1) grid
 1950-01-01 -97.4708 19.4783 9.410547 
 1950-02-01 -97.4708 19.4783 10.36978 
 1950-03-01 -97.4708 19.4783 12.82022 
 1950-04-01 -97.4708 19.4783 13.10195 
 1950-05-01 -97.4708 19.4783 14.81802 
 1950-06-01 -97.4708 19.4783 13.66397 
 1950-07-01 -97.4708 19.4783 13.27871 
 1950-08-01 -97.4708 19.4783 13.54263 
 1950-09-01 -97.4708 19.4783 14.18398 
 1950-10-01 -97.4708 19.4783 11.66445 
 1950-11-01 -97.4708 19.4783 9.115137 
 1950-12-01 -97.4708 19.4783 9.702295 
 1951-01-01 -97.4708 19.4783 10.63589 
 1951-02-01 -97.4708 19.4783 10.58608 
 1951-03-01 -97.4708 19.4783 13.10635 
 1951-04-01 -97.4708 19.4783  15.0834 
 1951-05-01 -97.4708 19.4783 14.89297 
 1951-06-01 -97.4708 19.4783 14.63101 
 1951-07-01 -97.4708 19.4783 14.13833 
 1951-08-01 -97.4708 19.4783 14.61245 
 1951-09-01 -97.4708 19.4783 13.70645 
 1951-10-01 -97.4708 19.4783 12.85073 
 1951-11-01 -97.4708 19.4783 12.02407 
 1951-12-01 -97.4708 19.4783 11.93594 
 1952-01-01 -97.4708 19.4783 11.25454 
 1952-02-01 -97.4708 19.4783 12.50601 
 1952-03-01 -97.4708 19.4783 15.86245 
 1952-04-01 -97.4708 19.4783 14.45156 
 1952-05-01 -97.4708 19.4783 13.86318 
 1952-06-01 -97.4708 19.4783 13.60562 
 1952-07-01 -97.4708 19.4783 12.70938 
 1952-08-01 -97.4708 19.4783 14.07534 
 1952-09-01 -97.4708 19.4783 12.96939 
 1952-10-01 -97.4708 19.4783 9.057032 
 1952-11-01 -97.4708 19.4783  11.3168 
 1952-12-01 -97.4708 19.4783 9.909327 
 1953-01-01 -97.4708 19.4783 9.705469 
 1953-02-01 -97.4708 19.4783 11.93179 
 1953-03-01 -97.4708 19.4783  13.6459 
 1953-04-01 -97.4708 19.4783 15.96572 
 1953-05-01 -97.4708 19.4783 16.40762 
 1953-06-01 -97.4708 19.4783 14.58706 
 1953-07-01 -97.4708 19.4783 13.64663 
 1953-08-01 -97.4708 19.4783 14.90322 
 1953-09-01 -97.4708 19.4783 12.43081 
 1953-10-01 -97.4708 19.4783 11.62564 
 1953-11-01 -97.4708 19.4783 10.10293 
 1953-12-01 -97.4708 19.4783 10.23257 
 1954-01-01 -97.4708 19.4783 10.03286 
 1954-02-01 -97.4708 19.4783 10.31314 
 1954-03-01 -97.4708 19.4783 13.28481 
 1954-04-01 -97.4708 19.4783 13.04824 
 1954-05-01 -97.4708 19.4783  13.8312 
 1954-06-01 -97.4708 19.4783 13.79897 
 1954-07-01 -97.4708 19.4783 12.56777 
 1954-08-01 -97.4708 19.4783 13.34805 
 1954-09-01 -97.4708 19.4783 12.45498 
 1954-10-01 -97.4708 19.4783 11.24453 
 1954-11-01 -97.4708 19.4783 9.442041 
 1954-12-01 -97.4708 19.4783 8.617823 
 1955-01-01 -97.4708 19.4783 10.01699 
 1955-02-01 -97.4708 19.4783 10.07119 
 1955-03-01 -97.4708 19.4783 13.03042 
 1955-04-01 -97.4708 19.4783 15.89736 
 1955-05-01 -97.4708 19.4783 15.08877 
 1955-06-01 -97.4708 19.4783 14.36392 
 1955-07-01 -97.4708 19.4783 12.67495 
 1955-08-01 -97.4708 19.4783 13.47061 
 1955-09-01 -97.4708 19.4783 12.93228 
 1955-10-01 -97.4708 19.4783 10.52554 
 1955-11-01 -97.4708 19.4783 10.82119 
 1955-12-01 -97.4708 19.4783 8.542871 
 1956-01-01 -97.4708 19.4783 7.558252 
 1956-02-01 -97.4708 19.4783 12.14639 
 1956-03-01 -97.4708 19.4783  12.8124 
 1956-04-01 -97.4708 19.4783 15.08535 
 1956-05-01 -97.4708 19.4783 13.03604 
 1956-06-01 -97.4708 19.4783 12.44497 
 1956-07-01 -97.4708 19.4783 12.49478 
 1956-08-01 -97.4708 19.4783 13.56582 
 1956-09-01 -97.4708 19.4783 11.81338 
 1956-10-01 -97.4708 19.4783 11.20425 
 1956-11-01 -97.4708 19.4783 9.867334 
 1956-12-01 -97.4708 19.4783 9.338282 
 1957-01-01 -97.4708 19.4783   9.8146 
 1957-02-01 -97.4708 19.4783 11.37588 
 1957-03-01 -97.4708 19.4783 13.78848 
 1957-04-01 -97.4708 19.4783 14.49673 
 1957-05-01 -97.4708 19.4783 15.57192 
 1957-06-01 -97.4708 19.4783 14.69399 
 1957-07-01 -97.4708 19.4783 14.08779 
 1957-08-01 -97.4708 19.4783 13.91079 
 1957-09-01 -97.4708 19.4783 13.31802 
 1957-10-01 -97.4708 19.4783 11.86221 
 1957-11-01 -97.4708 19.4783 13.03921 
 1957-12-01 -97.4708 19.4783  9.29336 
 1958-01-01 -97.4708 19.4783 8.940332 
 1958-02-01 -97.4708 19.4783 11.04946 
 1958-03-01 -97.4708 19.4783 15.91201 
 1958-04-01 -97.4708 19.4783 16.71255 
 1958-05-01 -97.4708 19.4783 13.82266 
 1958-06-01 -97.4708 19.4783 14.64346 
 1958-07-01 -97.4708 19.4783 13.21841 
 1958-08-01 -97.4708 19.4783 14.77603 
 1958-09-01 -97.4708 19.4783 13.91494 
 1958-10-01 -97.4708 19.4783 12.67959 
 1958-11-01 -97.4708 19.4783  11.3085 
 1958-12-01 -97.4708 19.4783 9.575586 
 1959-01-01 -97.4708 19.4783 10.02114 
 1959-02-01 -97.4708 19.4783 12.59927 
 1959-03-01 -97.4708 19.4783  13.9208 
 1959-04-01 -97.4708 19.4783 13.69814 
 1959-05-01 -97.4708 19.4783 14.42593 
 1959-06-01 -97.4708 19.4783 14.10244 
 1959-07-01 -97.4708 19.4783 12.83682 
 1959-08-01 -97.4708 19.4783 13.45352 
 1959-09-01 -97.4708 19.4783 13.28189 
 1959-10-01 -97.4708 19.4783 12.97891 
 1959-11-01 -97.4708 19.4783 9.995264 
 1959-12-01 -97.4708 19.4783 10.42153 
 1960-01-01 -97.4708 19.4783 10.84219 
 1960-02-01 -97.4708 19.4783 11.92837 
 1960-03-01 -97.4708 19.4783 13.09902 
 1960-04-01 -97.4708 19.4783 14.13735 
 1960-05-01 -97.4708 19.4783 15.38198 
 1960-06-01 -97.4708 19.4783 14.50942 
 1960-07-01 -97.4708 19.4783   13.579 
 1960-08-01 -97.4708 19.4783 13.94253 
 1960-09-01 -97.4708 19.4783 12.15127 
 1960-10-01 -97.4708 19.4783 13.49404 
 1960-11-01 -97.4708 19.4783 11.43862 
 1960-12-01 -97.4708 19.4783 9.975245 
 1961-01-01 -97.4708 19.4783 10.17422 
 1961-02-01 -97.4708 19.4783  11.8688 
 1961-03-01 -97.4708 19.4783 13.92715 
 1961-04-01 -97.4708 19.4783 15.64834 
 1961-05-01 -97.4708 19.4783  15.4125 
 1961-06-01 -97.4708 19.4783 14.02505 
 1961-07-01 -97.4708 19.4783 12.88882 
 1961-08-01 -97.4708 19.4783 12.96328 
 1961-09-01 -97.4708 19.4783  13.2272 
 1961-10-01 -97.4708 19.4783 11.59658 
 1961-11-01 -97.4708 19.4783 10.78604 
 1961-12-01 -97.4708 19.4783 10.59536 
 1962-01-01 -97.4708 19.4783 9.727198 
 1962-02-01 -97.4708 19.4783 13.10684 
 1962-03-01 -97.4708 19.4783 14.40884 
 1962-04-01 -97.4708 19.4783 12.76187 
 1962-05-01 -97.4708 19.4783 14.31411 
 1962-06-01 -97.4708 19.4783 15.25503 
 1962-07-01 -97.4708 19.4783 14.05898 
 1962-08-01 -97.4708 19.4783 14.39565 
 1962-09-01 -97.4708 19.4783 13.87441 
 1962-10-01 -97.4708 19.4783 13.37002 
 1962-11-01 -97.4708 19.4783 10.94326 
 1962-12-01 -97.4708 19.4783  10.6752 
 1963-01-01 -97.4708 19.4783 11.42837 
 1963-02-01 -97.4708 19.4783 10.83242 
 1963-03-01 -97.4708 19.4783 13.87856 
 1963-04-01 -97.4708 19.4783 15.75259 
 1963-05-01 -97.4708 19.4783 14.11904 
 1963-06-01 -97.4708 19.4783 15.23818 
 1963-07-01 -97.4708 19.4783 13.45132 
 1963-08-01 -97.4708 19.4783 13.89028 
 1963-09-01 -97.4708 19.4783 13.04507 
 1963-10-01 -97.4708 19.4783 11.25625 
 1963-11-01 -97.4708 19.4783 11.10513 
 1963-12-01 -97.4708 19.4783 9.594141 
 1964-01-01 -97.4708 19.4783 10.39907 
 1964-02-01 -97.4708 19.4783 13.49404 
 1964-03-01 -97.4708 19.4783  14.5126 
 1964-04-01 -97.4708 19.4783 15.63369 
 1964-05-01 -97.4708 19.4783 14.93569 
 1964-06-01 -97.4708 19.4783 13.33755 
 1964-07-01 -97.4708 19.4783 13.12808 
 1964-08-01 -97.4708 19.4783 14.29263 
 1964-09-01 -97.4708 19.4783 13.66201 
 1964-10-01 -97.4708 19.4783  10.5314 
 1964-11-01 -97.4708 19.4783 11.08804 
 1964-12-01 -97.4708 19.4783 9.413965 
 1965-01-01 -97.4708 19.4783 8.839258 
 1965-02-01 -97.4708 19.4783 11.23037 
 1965-03-01 -97.4708 19.4783 14.00161 
 1965-04-01 -97.4708 19.4783 14.32632 
 1965-05-01 -97.4708 19.4783 15.18203 
 1965-06-01 -97.4708 19.4783 14.46206 
 1965-07-01 -97.4708 19.4783 12.71231 
 1965-08-01 -97.4708 19.4783 13.27969 
 1965-09-01 -97.4708 19.4783 14.04409 
 1965-10-01 -97.4708 19.4783 11.40884 
 1965-11-01 -97.4708 19.4783 11.76089 
 1965-12-01 -97.4708 19.4783 11.05483 
 1966-01-01 -97.4708 19.4783 10.19253 
 1966-02-01 -97.4708 19.4783 10.80898 
 1966-03-01 -97.4708 19.4783 10.99111 
 1966-04-01 -97.4708 19.4783 14.33096 
 1966-05-01 -97.4708 19.4783 14.73818 
 1966-06-01 -97.4708 19.4783  14.5585 
 1966-07-01 -97.4708 19.4783 14.22109 
 1966-08-01 -97.4708 19.4783 14.79434 
 1966-09-01 -97.4708 19.4783  13.2228 
 1966-10-01 -97.4708 19.4783 11.98037 
 1966-11-01 -97.4708 19.4783 9.232569 
 1966-12-01 -97.4708 19.4783 9.505762 
 1967-01-01 -97.4708 19.4783 9.785303 
 1967-02-01 -97.4708 19.4783  11.2582 
 1967-03-01 -97.4708 19.4783  12.6437 
 1967-04-01 -97.4708 19.4783 14.04141 
 1967-05-01 -97.4708 19.4783 14.78213 
 1967-06-01 -97.4708 19.4783 14.48599 
 1967-07-01 -97.4708 19.4783 13.90469 
 1967-08-01 -97.4708 19.4783 13.98843 
 1967-09-01 -97.4708 19.4783 13.25186 
 1967-10-01 -97.4708 19.4783 11.61758 
 1967-11-01 -97.4708 19.4783 11.20938 
 1967-12-01 -97.4708 19.4783 11.44082 
 1968-01-01 -97.4708 19.4783  9.77627 
 1968-02-01 -97.4708 19.4783 9.408838 
 1968-03-01 -97.4708 19.4783 11.95132 
 1968-04-01 -97.4708 19.4783 14.03506 
 1968-05-01 -97.4708 19.4783 14.55557 
 1968-06-01 -97.4708 19.4783 14.44009 
 1968-07-01 -97.4708 19.4783 13.78237 
 1968-08-01 -97.4708 19.4783 14.16543 
 1968-09-01 -97.4708 19.4783 14.07119 
 1968-10-01 -97.4708 19.4783 12.74624 
 1968-11-01 -97.4708 19.4783 12.32192 
 1968-12-01 -97.4708 19.4783 10.99868 
 1969-01-01 -97.4708 19.4783 10.96035 
 1969-02-01 -97.4708 19.4783 13.11782 
 1969-03-01 -97.4708 19.4783 13.98623 
 1969-04-01 -97.4708 19.4783 15.88198 
 1969-05-01 -97.4708 19.4783 15.85488 
 1969-06-01 -97.4708 19.4783  16.8561 
 1969-07-01 -97.4708 19.4783 15.02139 
 1969-08-01 -97.4708 19.4783 14.16323 
 1969-09-01 -97.4708 19.4783 13.16714 
 1969-10-01 -97.4708 19.4783 13.17324 
 1969-11-01 -97.4708 19.4783 11.20156 
 1969-12-01 -97.4708 19.4783 11.29751 
 1970-01-01 -97.4708 19.4783  10.7394 
 1970-02-01 -97.4708 19.4783 10.06191 
 1970-03-01 -97.4708 19.4783 14.85439 
 1970-04-01 -97.4708 19.4783 17.36172 
 1970-05-01 -97.4708 19.4783 14.19717 
 1970-06-01 -97.4708 19.4783 14.39028 
 1970-07-01 -97.4708 19.4783 13.49697 
 1970-08-01 -97.4708 19.4783 14.41909 
 1970-09-01 -97.4708 19.4783 13.74258 
 1970-10-01 -97.4708 19.4783 13.49258 
 1970-11-01 -97.4708 19.4783 10.26772 
 1970-12-01 -97.4708 19.4783 11.02456 
 1971-01-01 -97.4708 19.4783 11.65908 
 1971-02-01 -97.4708 19.4783 12.05459 
 1971-03-01 -97.4708 19.4783 12.91201 
 1971-04-01 -97.4708 19.4783 13.73794 
 1971-05-01 -97.4708 19.4783 15.54751 
 1971-06-01 -97.4708 19.4783 14.35317 
 1971-07-01 -97.4708 19.4783 13.22549 
 1971-08-01 -97.4708 19.4783 13.59829 
 1971-09-01 -97.4708 19.4783 14.30068 
 1971-10-01 -97.4708 19.4783 13.23232 
 1971-11-01 -97.4708 19.4783 11.44985 
 1971-12-01 -97.4708 19.4783 10.91689 
 1972-01-01 -97.4708 19.4783 10.88027 
 1972-02-01 -97.4708 19.4783 10.82827 
 1972-03-01 -97.4708 19.4783 13.27676 
 1972-04-01 -97.4708 19.4783 15.30728 
 1972-05-01 -97.4708 19.4783 15.62539 
 1972-06-01 -97.4708 19.4783 14.36685 
 1972-07-01 -97.4708 19.4783 13.18057 
 1972-08-01 -97.4708 19.4783 13.12295 
 1972-09-01 -97.4708 19.4783 13.40054 
 1972-10-01 -97.4708 19.4783 13.18569 
 1972-11-01 -97.4708 19.4783 13.44253 
 1972-12-01 -97.4708 19.4783 10.62612 
 1973-01-01 -97.4708 19.4783 11.60977 
 1973-02-01 -97.4708 19.4783 12.67886 
 1973-03-01 -97.4708 19.4783     17.1 
 1973-04-01 -97.4708 19.4783 15.86221 
 1973-05-01 -97.4708 19.4783 15.15029 
 1973-06-01 -97.4708 19.4783 14.19375 
 1973-07-01 -97.4708 19.4783 13.69546 
 1973-08-01 -97.4708 19.4783 13.24551 
 1973-09-01 -97.4708 19.4783 13.95425 
 1973-10-01 -97.4708 19.4783 12.20596 
 1973-11-01 -97.4708 19.4783 11.47622 
 1973-12-01 -97.4708 19.4783 9.137598 
 1974-01-01 -97.4708 19.4783 10.91226 
 1974-02-01 -97.4708 19.4783 10.85464 
 1974-03-01 -97.4708 19.4783 13.45083 
 1974-04-01 -97.4708 19.4783 13.30166 
 1974-05-01 -97.4708 19.4783 14.87246 
 1974-06-01 -97.4708 19.4783 13.75869 
 1974-07-01 -97.4708 19.4783  12.9833 
 1974-08-01 -97.4708 19.4783  14.4457 
 1974-09-01 -97.4708 19.4783 13.56704 
 1974-10-01 -97.4708 19.4783 11.33682 
 1974-11-01 -97.4708 19.4783 10.61953 
 1974-12-01 -97.4708 19.4783 11.47036 
 1975-01-01 -97.4708 19.4783 10.06094 
 1975-02-01 -97.4708 19.4783 12.41763 
 1975-03-01 -97.4708 19.4783 15.38247 
 1975-04-01 -97.4708 19.4783 16.38931 
 1975-05-01 -97.4708 19.4783 15.13003 
 1975-06-01 -97.4708 19.4783 14.26919 
 1975-07-01 -97.4708 19.4783 13.57534 
 1975-08-01 -97.4708 19.4783 14.54189 
 1975-09-01 -97.4708 19.4783 12.77456 
 1975-10-01 -97.4708 19.4783 12.26235 
 1975-11-01 -97.4708 19.4783 11.30532 
 1975-12-01 -97.4708 19.4783 9.997461 
 1976-01-01 -97.4708 19.4783 9.043116 
 1976-02-01 -97.4708 19.4783 9.669336 
 1976-03-01 -97.4708 19.4783 14.46841 
 1976-04-01 -97.4708 19.4783  14.4335 
 1976-05-01 -97.4708 19.4783 14.07632 
 1976-06-01 -97.4708 19.4783 13.99087 
 1976-07-01 -97.4708 19.4783 13.76235 
 1976-08-01 -97.4708 19.4783 13.37222 
 1976-09-01 -97.4708 19.4783 14.06875 
 1976-10-01 -97.4708 19.4783 13.02163 
 1976-11-01 -97.4708 19.4783   10.777 
 1976-12-01 -97.4708 19.4783 10.64028 
 1977-01-01 -97.4708 19.4783 11.32778 
 1977-02-01 -97.4708 19.4783 11.15957 
 1977-03-01 -97.4708 19.4783 15.14102 
 1977-04-01 -97.4708 19.4783 13.05435 
 1977-05-01 -97.4708 19.4783  14.9833 
 1977-06-01 -97.4708 19.4783 14.13003 
 1977-07-01 -97.4708 19.4783 13.81704 
 1977-08-01 -97.4708 19.4783 14.93203 
 1977-09-01 -97.4708 19.4783 14.68472 
 1977-10-01 -97.4708 19.4783 13.84634 
 1977-11-01 -97.4708 19.4783 12.35977 
 1977-12-01 -97.4708 19.4783 11.33145 
 1978-01-01 -97.4708 19.4783 11.06826 
 1978-02-01 -97.4708 19.4783 11.09243 
 1978-03-01 -97.4708 19.4783 13.09048 
 1978-04-01 -97.4708 19.4783 16.01724 
 1978-05-01 -97.4708 19.4783 16.67349 
 1978-06-01 -97.4708 19.4783  14.5541 
 1978-07-01 -97.4708 19.4783 14.55313 
 1978-08-01 -97.4708 19.4783 14.47402 
 1978-09-01 -97.4708 19.4783 14.35684 
 1978-10-01 -97.4708 19.4783 12.31411 
 1978-11-01 -97.4708 19.4783 12.68374 
 1978-12-01 -97.4708 19.4783 11.41372 
 1979-01-01 -97.4708 19.4783 10.85049 
 1979-02-01 -97.4708 19.4783 11.91323 
 1979-03-01 -97.4708 19.4783 14.34951 
 1979-04-01 -97.4708 19.4783 15.90835 
 1979-05-01 -97.4708 19.4783 15.50576 
 1979-06-01 -97.4708 19.4783 14.79995 
 1979-07-01 -97.4708 19.4783 15.07412 
 1979-08-01 -97.4708 19.4783  13.8793 
 1979-09-01 -97.4708 19.4783 13.05215 
 1979-10-01 -97.4708 19.4783 13.69692 
 1979-11-01 -97.4708 19.4783 11.32534 
 1979-12-01 -97.4708 19.4783 10.99941 
 1980-01-01 -97.4708 19.4783 11.98403 
 1980-02-01 -97.4708 19.4783 12.11904 
 1980-03-01 -97.4708 19.4783 15.11392 
 1980-04-01 -97.4708 19.4783 14.47524 
 1980-05-01 -97.4708 19.4783  16.3063 
 1980-06-01 -97.4708 19.4783 15.10415 
 1980-07-01 -97.4708 19.4783 15.48916 
 1980-08-01 -97.4708 19.4783 15.46108 
 1980-09-01 -97.4708 19.4783 14.46401 
 1980-10-01 -97.4708 19.4783 13.52236 
 1980-11-01 -97.4708 19.4783 11.76846 
 1980-12-01 -97.4708 19.4783 9.991602 
 1981-01-01 -97.4708 19.4783 9.687891 
 1981-02-01 -97.4708 19.4783 11.23208 
 1981-03-01 -97.4708 19.4783 14.47744 
 1981-04-01 -97.4708 19.4783  14.8793 
 1981-05-01 -97.4708 19.4783 16.40054 
 1981-06-01 -97.4708 19.4783 15.25356 
 1981-07-01 -97.4708 19.4783 14.43887 
 1981-08-01 -97.4708 19.4783 14.67861 
 1981-09-01 -97.4708 19.4783 14.07974 
 1981-10-01 -97.4708 19.4783 14.14272 
 1981-11-01 -97.4708 19.4783 11.41445 
 1981-12-01 -97.4708 19.4783 11.79165 
 1982-01-01 -97.4708 19.4783 12.75674 
 1982-02-01 -97.4708 19.4783 12.34902 
 1982-03-01 -97.4708 19.4783 14.38272 
 1982-04-01 -97.4708 19.4783 16.33022 
 1982-05-01 -97.4708 19.4783 15.79189 
 1982-06-01 -97.4708 19.4783 16.04312 
 1982-07-01 -97.4708 19.4783 14.12539 
 1982-08-01 -97.4708 19.4783 14.20718 
 1982-09-01 -97.4708 19.4783 14.05483 
 1982-10-01 -97.4708 19.4783 12.82119 
 1982-11-01 -97.4708 19.4783 11.83828 
 1982-12-01 -97.4708 19.4783 10.99356 
 1983-01-01 -97.4708 19.4783 10.15298 
 1983-02-01 -97.4708 19.4783 11.57363 
 1983-03-01 -97.4708 19.4783 13.73379 
 1983-04-01 -97.4708 19.4783 16.49429 
 1983-05-01 -97.4708 19.4783 18.14736 
 1983-06-01 -97.4708 19.4783 16.84854 
 1983-07-01 -97.4708 19.4783 14.46523 
 1983-08-01 -97.4708 19.4783 14.77993 
 1983-09-01 -97.4708 19.4783 14.42227 
 1983-10-01 -97.4708 19.4783 12.83731 
 1983-11-01 -97.4708 19.4783 12.93521 
 1983-12-01 -97.4708 19.4783 11.11074 
 1984-01-01 -97.4708 19.4783 10.32803 
 1984-02-01 -97.4708 19.4783 11.56191 
 1984-03-01 -97.4708 19.4783  14.4855 
 1984-04-01 -97.4708 19.4783 17.02358 
 1984-05-01 -97.4708 19.4783 14.13833 
 1984-06-01 -97.4708 19.4783 14.50552 
 1984-07-01 -97.4708 19.4783 13.76187 
 1984-08-01 -97.4708 19.4783 13.59585 
 1984-09-01 -97.4708 19.4783 13.18862 
 1984-10-01 -97.4708 19.4783 14.19717 
 1984-11-01 -97.4708 19.4783 11.26406 
 1984-12-01 -97.4708 19.4783 10.75845 
 1985-01-01 -97.4708 19.4783 10.54263 
 1985-02-01 -97.4708 19.4783 11.37759 
 1985-03-01 -97.4708 19.4783 13.57314 
 1985-04-01 -97.4708 19.4783 13.50137 
 1985-05-01 -97.4708 19.4783 14.93325 
 1985-06-01 -97.4708 19.4783 14.98135 
 1985-07-01 -97.4708 19.4783 13.73745 
 1985-08-01 -97.4708 19.4783 14.35879 
 1985-09-01 -97.4708 19.4783 13.59048 
 1985-10-01 -97.4708 19.4783 12.69424 
 1985-11-01 -97.4708 19.4783 12.32949 
 1985-12-01 -97.4708 19.4783 10.65591 
 1986-01-01 -97.4708 19.4783 9.057276 
 1986-02-01 -97.4708 19.4783 12.20767 
 1986-03-01 -97.4708 19.4783 11.78091 
 1986-04-01 -97.4708 19.4783 14.88857 
 1986-05-01 -97.4708 19.4783 14.93228 
 1986-06-01 -97.4708 19.4783 14.79507 
 1986-07-01 -97.4708 19.4783 13.61636 
 1986-08-01 -97.4708 19.4783 14.59683 
 1986-09-01 -97.4708 19.4783 14.60562 
 1986-10-01 -97.4708 19.4783 13.57827 
 1986-11-01 -97.4708 19.4783 12.94644 
 1986-12-01 -97.4708 19.4783 11.64419 
 1987-01-01 -97.4708 19.4783  11.7272 
 1987-02-01 -97.4708 19.4783 13.23135 
 1987-03-01 -97.4708 19.4783 13.95034 
 1987-04-01 -97.4708 19.4783 13.77798 
 1987-05-01 -97.4708 19.4783 15.16543 
 1987-06-01 -97.4708 19.4783 15.07778 
 1987-07-01 -97.4708 19.4783 14.47256 
 1987-08-01 -97.4708 19.4783 14.89004 
 1987-09-01 -97.4708 19.4783  15.2228 
 1987-10-01 -97.4708 19.4783 11.52212 
 1987-11-01 -97.4708 19.4783 12.05264 
 1987-12-01 -97.4708 19.4783 12.76016 
 1988-01-01 -97.4708 19.4783 10.21743 
 1988-02-01 -97.4708 19.4783 11.61953 
 1988-03-01 -97.4708 19.4783 13.55361 
 1988-04-01 -97.4708 19.4783 15.71865 
 1988-05-01 -97.4708 19.4783 16.10586 
 1988-06-01 -97.4708 19.4783 14.74233 
 1988-07-01 -97.4708 19.4783 14.88198 
 1988-08-01 -97.4708 19.4783 14.86563 
 1988-09-01 -97.4708 19.4783 14.01992 
 1988-10-01 -97.4708 19.4783 12.28408 
 1988-11-01 -97.4708 19.4783 12.38491 
 1988-12-01 -97.4708 19.4783 10.56924 
 1989-01-01 -97.4708 19.4783 11.56997 
 1989-02-01 -97.4708 19.4783  10.9689 
 1989-03-01 -97.4708 19.4783 12.60537 
 1989-04-01 -97.4708 19.4783 13.33242 
 1989-05-01 -97.4708 19.4783 15.32119 
 1989-06-01 -97.4708 19.4783 15.07754 
 1989-07-01 -97.4708 19.4783 14.39004 
 1989-08-01 -97.4708 19.4783 14.73916 
 1989-09-01 -97.4708 19.4783 13.43374 
 1989-10-01 -97.4708 19.4783 12.35098 
 1989-11-01 -97.4708 19.4783 12.78823 
 1989-12-01 -97.4708 19.4783 10.81143 
 1990-01-01 -97.4708 19.4783 11.47109 
 1990-02-01 -97.4708 19.4783 11.82217 
 1990-03-01 -97.4708 19.4783 13.34731 
 1990-04-01 -97.4708 19.4783 14.40298 
 1990-05-01 -97.4708 19.4783 15.99966 
 1990-06-01 -97.4708 19.4783  15.1144 
 1990-07-01 -97.4708 19.4783 14.51821 
 1990-08-01 -97.4708 19.4783 14.37905 
 1990-09-01 -97.4708 19.4783 14.24966 
 1990-10-01 -97.4708 19.4783 13.25772 
 1990-11-01 -97.4708 19.4783 12.13052 
 1990-12-01 -97.4708 19.4783 10.89981 
 1991-01-01 -97.4708 19.4783 12.08755 
 1991-02-01 -97.4708 19.4783 12.29214 
 1991-03-01 -97.4708 19.4783 16.40811 
 1991-04-01 -97.4708 19.4783 16.56338 
 1991-05-01 -97.4708 19.4783 15.95571 
 1991-06-01 -97.4708 19.4783 15.48428 
 1991-07-01 -97.4708 19.4783 14.39004 
 1991-08-01 -97.4708 19.4783 14.79775 
 1991-09-01 -97.4708 19.4783 13.56191 
 1991-10-01 -97.4708 19.4783 12.97305 
 1991-11-01 -97.4708 19.4783 10.81069 
 1991-12-01 -97.4708 19.4783 10.78652 
 1992-01-01 -97.4708 19.4783 10.85732 
 1992-02-01 -97.4708 19.4783  11.8644 
 1992-03-01 -97.4708 19.4783 14.97915 
 1992-04-01 -97.4708 19.4783 14.47476 
 1992-05-01 -97.4708 19.4783 13.77041 
 1992-06-01 -97.4708 19.4783 15.90615 
 1992-07-01 -97.4708 19.4783 14.73867 
 1992-08-01 -97.4708 19.4783   14.579 
 1992-09-01 -97.4708 19.4783 13.98086 
 1992-10-01 -97.4708 19.4783 13.05215 
 1992-11-01 -97.4708 19.4783 12.69009 
 1992-12-01 -97.4708 19.4783 12.02969 
 1993-01-01 -97.4708 19.4783 11.96377 
 1993-02-01 -97.4708 19.4783 12.89761 
 1993-03-01 -97.4708 19.4783 13.83755 
 1993-04-01 -97.4708 19.4783 15.80435 
 1993-05-01 -97.4708 19.4783 15.07119 
 1993-06-01 -97.4708 19.4783 15.54141 
 1993-07-01 -97.4708 19.4783 14.76284 
 1993-08-01 -97.4708 19.4783 14.54678 
 1993-09-01 -97.4708 19.4783 14.05508 
 1993-10-01 -97.4708 19.4783 13.45767 
 1993-11-01 -97.4708 19.4783 12.56802 
 1993-12-01 -97.4708 19.4783 11.95474 
 1994-01-01 -97.4708 19.4783 11.22671 
 1994-02-01 -97.4708 19.4783 12.78237 
 1994-03-01 -97.4708 19.4783 14.77065 
 1994-04-01 -97.4708 19.4783 15.21279 
 1994-05-01 -97.4708 19.4783 15.68765 
 1994-06-01 -97.4708 19.4783 15.01113 
 1994-07-01 -97.4708 19.4783 14.82461 
 1994-08-01 -97.4708 19.4783 14.52334 
 1994-09-01 -97.4708 19.4783 13.98135 
 1994-10-01 -97.4708 19.4783 14.78799 
 1994-11-01 -97.4708 19.4783 13.51284 
 1994-12-01 -97.4708 19.4783 12.57876 
 1995-01-01 -97.4708 19.4783  12.4584 
 1995-02-01 -97.4708 19.4783 12.96304 
 1995-03-01 -97.4708 19.4783 14.10879 
 1995-04-01 -97.4708 19.4783 16.74111 
 1995-05-01 -97.4708 19.4783 17.39492 
 1995-06-01 -97.4708 19.4783 16.15615 
 1995-07-01 -97.4708 19.4783 14.75356 
 1995-08-01 -97.4708 19.4783 15.11196 
 1995-09-01 -97.4708 19.4783 14.48159 
 1995-10-01 -97.4708 19.4783 13.18691 
 1995-11-01 -97.4708 19.4783 12.45059 
 1995-12-01 -97.4708 19.4783 11.61733 
 1996-01-01 -97.4708 19.4783 10.44473 
 1996-02-01 -97.4708 19.4783 12.23647 
 1996-03-01 -97.4708 19.4783 13.38589 
 1996-04-01 -97.4708 19.4783 15.12124 
 1996-05-01 -97.4708 19.4783 15.94448 
 1996-06-01 -97.4708 19.4783 14.91787 
 1996-07-01 -97.4708 19.4783 14.91152 
 1996-08-01 -97.4708 19.4783 14.52529 
 1996-09-01 -97.4708 19.4783 16.04336 
 1996-10-01 -97.4708 19.4783 13.94204 
 1996-11-01 -97.4708 19.4783 11.38491 
 1996-12-01 -97.4708 19.4783 11.70962 
 1997-01-01 -97.4708 19.4783 11.21743 
 1997-02-01 -97.4708 19.4783 12.41958 
 1997-03-01 -97.4708 19.4783 13.68081 
 1997-04-01 -97.4708 19.4783 14.64614 
 1997-05-01 -97.4708 19.4783 14.58682 
 1997-06-01 -97.4708 19.4783  16.2521 
 1997-07-01 -97.4708 19.4783 14.86343 
 1997-08-01 -97.4708 19.4783 14.89248 
 1997-09-01 -97.4708 19.4783 14.31387 
 1997-10-01 -97.4708 19.4783 13.29727 
 1997-11-01 -97.4708 19.4783 12.54605 
 1997-12-01 -97.4708 19.4783 11.70059 
 1998-01-01 -97.4708 19.4783 11.71694 
 1998-02-01 -97.4708 19.4783 13.06582 
 1998-03-01 -97.4708 19.4783 15.00454 
 1998-04-01 -97.4708 19.4783 18.11733 
 1998-05-01 -97.4708 19.4783 18.48159 
 1998-06-01 -97.4708 19.4783 17.09805 
 1998-07-01 -97.4708 19.4783 15.34585 
 1998-08-01 -97.4708 19.4783 15.20181 
 1998-09-01 -97.4708 19.4783 15.34683 
 1998-10-01 -97.4708 19.4783 13.53897 
 1998-11-01 -97.4708 19.4783 12.99063 
 1998-12-01 -97.4708 19.4783 10.87368 
 1999-01-01 -97.4708 19.4783  10.3395 
 1999-02-01 -97.4708 19.4783 11.75894 
 1999-03-01 -97.4708 19.4783 14.02432 
 1999-04-01 -97.4708 19.4783 16.18691 
 1999-05-01 -97.4708 19.4783 15.55728 
 1999-06-01 -97.4708 19.4783  15.4208 
 1999-07-01 -97.4708 19.4783 14.06143 
 1999-08-01 -97.4708 19.4783 15.20791 
 1999-09-01 -97.4708 19.4783 13.76235 
 1999-10-01 -97.4708 19.4783 11.60586 
 1999-11-01 -97.4708 19.4783 10.03091 
 1999-12-01 -97.4708 19.4783 9.705225 
 2000-01-01 -97.4708 19.4783 10.34023 
 2000-02-01 -97.4708 19.4783  11.8273 
 2000-03-01 -97.4708 19.4783 14.34854 
 2000-04-01 -97.4708 19.4783 15.03726 
 2000-05-01 -97.4708 19.4783 14.93398 
 2000-06-01 -97.4708 19.4783  14.6564 
 2000-07-01 -97.4708 19.4783  14.8085 
 2000-08-01 -97.4708 19.4783 13.99502 
 2000-09-01 -97.4708 19.4783 14.05654 
 2000-10-01 -97.4708 19.4783 12.96157 
 2000-11-01 -97.4708 19.4783 13.43716 
 2000-12-01 -97.4708 19.4783 9.431543 
 2001-01-01 -97.4708 19.4783 10.82217 
 2001-02-01 -97.4708 19.4783 11.44253 
 2001-03-01 -97.4708 19.4783 13.64126 
 2001-04-01 -97.4708 19.4783 15.23062 
 2001-05-01 -97.4708 19.4783 14.78335 
 2001-06-01 -97.4708 19.4783 14.36563 
 2001-07-01 -97.4708 19.4783 14.91616 
 2001-08-01 -97.4708 19.4783 14.65615 
 2001-09-01 -97.4708 19.4783 14.39956 
 2001-10-01 -97.4708 19.4783 12.72402 
 2001-11-01 -97.4708 19.4783 11.22598 
 2001-12-01 -97.4708 19.4783 11.22476 
 2002-01-01 -97.4708 19.4783 11.37637 
 2002-02-01 -97.4708 19.4783 11.22598 
 2002-03-01 -97.4708 19.4783 14.10659 
 2002-04-01 -97.4708 19.4783 15.00479 
 2002-05-01 -97.4708 19.4783 15.42764 
 2002-06-01 -97.4708 19.4783 15.11465 
 2002-07-01 -97.4708 19.4783 14.58047 
 2002-08-01 -97.4708 19.4783 14.71743 
 2002-09-01 -97.4708 19.4783 14.69839 
 2002-10-01 -97.4708 19.4783 14.52139 
 2002-11-01 -97.4708 19.4783 10.87344 
 2002-12-01 -97.4708 19.4783 10.92031 
 2003-01-01 -97.4708 19.4783 9.490381 
 2003-02-01 -97.4708 19.4783 13.45132 
 2003-03-01 -97.4708 19.4783  15.0043 
 2003-04-01 -97.4708 19.4783 15.90029 
 2003-05-01 -97.4708 19.4783 16.86001 
 2003-06-01 -97.4708 19.4783 15.76919 
 2003-07-01 -97.4708 19.4783 15.06094 
 2003-08-01 -97.4708 19.4783 14.95669 
 2003-09-01 -97.4708 19.4783 14.87222 
 2003-10-01 -97.4708 19.4783 13.91372 
 2003-11-01 -97.4708 19.4783 12.10537 
 2003-12-01 -97.4708 19.4783 9.194239 
 2004-01-01 -97.4708 19.4783 10.44204 
 2004-02-01 -97.4708 19.4783 12.21328 
 2004-03-01 -97.4708 19.4783 13.14883 
 2004-04-01 -97.4708 19.4783 14.70693 
 2004-05-01 -97.4708 19.4783 14.58193 
 2004-06-01 -97.4708 19.4783 14.81777 
 2004-07-01 -97.4708 19.4783 14.83193 
 2004-08-01 -97.4708 19.4783 14.90762 
 2004-09-01 -97.4708 19.4783  14.5126 
 2004-10-01 -97.4708 19.4783 14.47109 
 2004-11-01 -97.4708 19.4783 12.38345 
 2004-12-01 -97.4708 19.4783 10.36367 
 2005-01-01 -97.4708 19.4783 10.61001 
 2005-02-01 -97.4708 19.4783 12.76528 
 2005-03-01 -97.4708 19.4783 15.79531 
 2005-04-01 -97.4708 19.4783 15.98672 
 2005-05-01 -97.4708 19.4783 15.97183 
 2005-06-01 -97.4708 19.4783 16.41592 
 2005-07-01 -97.4708 19.4783 15.42007 
 2005-08-01 -97.4708 19.4783 15.28286 
 2005-09-01 -97.4708 19.4783 14.67129 
 2005-10-01 -97.4708 19.4783 13.33145 
 2005-11-01 -97.4708 19.4783 11.67105 
 2005-12-01 -97.4708 19.4783 11.39199 
 2006-01-01 -97.4708 19.4783 10.48696 
 2006-02-01 -97.4708 19.4783  11.8915 
 2006-03-01 -97.4708 19.4783 13.87832 
 2006-04-01 -97.4708 19.4783 15.05264 
 2006-05-01 -97.4708 19.4783 14.89102 
 2006-06-01 -97.4708 19.4783 14.76748 
 2006-07-01 -97.4708 19.4783 14.47988 
 2006-08-01 -97.4708 19.4783 14.68862 
 2006-09-01 -97.4708 19.4783 15.01675 
 2006-10-01 -97.4708 19.4783 14.43716 
 2006-11-01 -97.4708 19.4783 11.43887 
 2006-12-01 -97.4708 19.4783  11.1564 
 2007-01-01 -97.4708 19.4783 11.62368 
 2007-02-01 -97.4708 19.4783  12.7665 
 2007-03-01 -97.4708 19.4783 13.52017 
 2007-04-01 -97.4708 19.4783 15.29702 
 2007-05-01 -97.4708 19.4783 15.08584 
 2007-06-01 -97.4708 19.4783 16.05557 
 2007-07-01 -97.4708 19.4783  15.3898 
 2007-08-01 -97.4708 19.4783  14.9562 
 2007-09-01 -97.4708 19.4783 14.48379 
 2007-10-01 -97.4708 19.4783 12.66885 
 2007-11-01 -97.4708 19.4783 11.46255 
 2007-12-01 -97.4708 19.4783 11.68472 
 2008-01-01 -97.4708 19.4783 10.59731 
 2008-02-01 -97.4708 19.4783 13.26724 
 2008-03-01 -97.4708 19.4783  13.7416 
 2008-04-01 -97.4708 19.4783 15.29189 
 2008-05-01 -97.4708 19.4783  16.0397 
 2008-06-01 -97.4708 19.4783 14.61611 
 2008-07-01 -97.4708 19.4783 14.46865 
 2008-08-01 -97.4708 19.4783 16.01577 
 2008-09-01 -97.4708 19.4783 14.47402 
 2008-10-01 -97.4708 19.4783  12.5707 
 2008-11-01 -97.4708 19.4783 11.21768 
 2008-12-01 -97.4708 19.4783 11.01797 
 2009-01-01 -97.4708 19.4783 10.83535 
 2009-02-01 -97.4708 19.4783 11.85122 
 2009-03-01 -97.4708 19.4783 13.69009 
 2009-04-01 -97.4708 19.4783  15.7897 
 2009-05-01 -97.4708 19.4783 15.57314 
 2009-06-01 -97.4708 19.4783 15.64858 
 2009-07-01 -97.4708 19.4783 15.40884 
 2009-08-01 -97.4708 19.4783   15.121 
 2009-09-01 -97.4708 19.4783 14.91323 
 2009-10-01 -97.4708 19.4783 15.01699 
 2009-11-01 -97.4708 19.4783 11.27065 
 2009-12-01 -97.4708 19.4783 12.12759 
 2010-01-01 -97.4708 19.4783 9.797266 
 2010-02-01 -97.4708 19.4783 11.24844 
 2010-03-01 -97.4708 19.4783 14.60708 
 2010-04-01 -97.4708 19.4783 15.85708 
 2010-05-01 -97.4708 19.4783 17.28994 
 2010-06-01 -97.4708 19.4783 16.81851 
 2010-07-01 -97.4708 19.4783 15.43887 
 2010-08-01 -97.4708 19.4783 15.31362 
 2010-09-01 -97.4708 19.4783  14.7145 
 2010-10-01 -97.4708 19.4783 12.57266 
 2010-11-01 -97.4708 19.4783 11.17813 
 2010-12-01 -97.4708 19.4783 9.349024 
 2011-01-01 -97.4708 19.4783 11.82559 
 2011-02-01 -97.4708 19.4783 13.15029 
 2011-03-01 -97.4708 19.4783 13.88247 
 2011-04-01 -97.4708 19.4783 16.35415 
 2011-05-01 -97.4708 19.4783 16.67666 
 2011-06-01 -97.4708 19.4783 15.13516 
 2011-07-01 -97.4708 19.4783 14.88101 
 2011-08-01 -97.4708 19.4783 15.63003 
 2011-09-01 -97.4708 19.4783 14.22769 
 2011-10-01 -97.4708 19.4783 12.40908 
 2011-11-01 -97.4708 19.4783 11.73721 
 2011-12-01 -97.4708 19.4783 11.09097 
 2012-01-01 -97.4708 19.4783 10.97524 
 2012-02-01 -97.4708 19.4783 12.29653 
 2012-03-01 -97.4708 19.4783 13.87295 
 2012-04-01 -97.4708 19.4783 14.07534 
 2012-05-01 -97.4708 19.4783 15.82168 
 2012-06-01 -97.4708 19.4783 15.67202 
 2012-07-01 -97.4708 19.4783 14.48135 
 2012-08-01 -97.4708 19.4783 15.02847 
 2012-09-01 -97.4708 19.4783 14.58267 
 2012-10-01 -97.4708 19.4783 13.32681 
 2012-11-01 -97.4708 19.4783  11.2272 
 2012-12-01 -97.4708 19.4783 11.79873 
 2013-01-01 -97.4708 19.4783 11.33584 
 2013-02-01 -97.4708 19.4783 14.30435 
 2013-03-01 -97.4708 19.4783 12.73794 
 2013-04-01 -97.4708 19.4783  16.8522 
 2013-05-01 -97.4708 19.4783  15.9833 
 2013-06-01 -97.4708 19.4783 15.62197 
 2013-07-01 -97.4708 19.4783 15.14077 
 2013-08-01 -97.4708 19.4783 14.79263 
 2013-09-01 -97.4708 19.4783  14.9606 
 2013-10-01 -97.4708 19.4783 14.31655 
 2013-11-01 -97.4708 19.4783 11.93716 
 2013-12-01 -97.4708 19.4783 11.24624 
 2014-01-01 -97.4708 19.4783   9.5021 
 2014-02-01 -97.4708 19.4783 13.25869 
 2014-03-01 -97.4708 19.4783 14.75088 
 2014-04-01 -97.4708 19.4783 15.54092 
 2014-05-01 -97.4708 19.4783  14.8356 
 2014-06-01 -97.4708 19.4783 15.43911 
 2014-07-01 -97.4708 19.4783     14.6 
 2014-08-01 -97.4708 19.4783 15.21133 
 2014-09-01 -97.4708 19.4783 14.89614 
 2014-10-01 -97.4708 19.4783 13.72744 
 2014-11-01 -97.4708 19.4783 12.09487 
 2014-12-01 -97.4708 19.4783 11.43984 
 2015-01-01 -97.4708 19.4783 10.04434 
 2015-02-01 -97.4708 19.4783 11.66128 
 2015-03-01 -97.4708 19.4783 12.73281 
 2015-04-01 -97.4708 19.4783 15.75845 
 2015-05-01 -97.4708 19.4783 14.98379 
 2015-06-01 -97.4708 19.4783 15.09976 
 2015-07-01 -97.4708 19.4783 14.85293 
 2015-08-01 -97.4708 19.4783 15.33584 
 2015-09-01 -97.4708 19.4783 14.91128 
 2015-10-01 -97.4708 19.4783 14.36465 
 2015-11-01 -97.4708 19.4783 13.79263 
 2015-12-01 -97.4708 19.4783 12.39932 
 2016-01-01 -97.4708 19.4783 10.80752 
 2016-02-01 -97.4708 19.4783 10.80044 
 2016-03-01 -97.4708 19.4783  14.1376 
 2016-04-01 -97.4708 19.4783 16.56899 
 2016-05-01 -97.4708 19.4783 17.16909 
 2016-06-01 -97.4708 19.4783 15.53091 
 2016-07-01 -97.4708 19.4783 15.49258 
 2016-08-01 -97.4708 19.4783 15.69644 
 2016-09-01 -97.4708 19.4783 15.06436 
 2016-10-01 -97.4708 19.4783 13.59976 
 2016-11-01 -97.4708 19.4783 11.92935 
 2016-12-01 -97.4708 19.4783 12.68081 
 2017-01-01 -97.4708 19.4783 11.72207 
 2017-02-01 -97.4708 19.4783 13.28066 
 2017-03-01 -97.4708 19.4783 13.35024 
 2017-04-01 -97.4708 19.4783 15.73477 
 2017-05-01 -97.4708 19.4783 17.57095 
 2017-06-01 -97.4708 19.4783 16.18691 
 2017-07-01 -97.4708 19.4783 15.01406 
 2017-08-01 -97.4708 19.4783 15.81948 
 2017-09-01 -97.4708 19.4783 15.14272 
 2017-10-01 -97.4708 19.4783 13.76138 
 2017-11-01 -97.4708 19.4783 11.85317 
 2017-12-01 -97.4708 19.4783 10.92129 
 2018-01-01 -97.4708 19.4783 9.036524 
 2018-02-01 -97.4708 19.4783 13.04775 
 2018-03-01 -97.4708 19.4783 15.25503 
 2018-04-01 -97.4708 19.4783 14.76553 
 2018-05-01 -97.4708 19.4783 15.88906 
 2018-06-01 -97.4708 19.4783 15.59561 
 2018-07-01 -97.4708 19.4783 15.15444 
 2018-08-01 -97.4708 19.4783 14.95864 
 2018-09-01 -97.4708 19.4783 15.86001 
 2018-10-01 -97.4708 19.4783 14.72573 
 2018-11-01 -97.4708 19.4783 13.22305 
 2018-12-01 -97.4708 19.4783 12.12148 
 2019-01-01 -97.4708 19.4783  11.8124 
 2019-02-01 -97.4708 19.4783 15.15298 
 2019-03-01 -97.4708 19.4783 14.94009 
 2019-04-01 -97.4708 19.4783 16.13857 
 2019-05-01 -97.4708 19.4783 17.91299 
 2019-06-01 -97.4708 19.4783 16.17837 
 2019-07-01 -97.4708 19.4783 15.22915 
 2019-08-01 -97.4708 19.4783 16.28042 
 2019-09-01 -97.4708 19.4783 15.67642 
 2019-10-01 -97.4708 19.4783 15.01187 
 2019-11-01 -97.4708 19.4783 13.58706 
 2019-12-01 -97.4708 19.4783 11.86123 
 2020-01-01 -97.4708 19.4783   11.475 
 2020-02-01 -97.4708 19.4783 13.68203 
 2020-03-01 -97.4708 19.4783 15.89541 
 2020-04-01 -97.4708 19.4783 18.03457 
 2020-05-01 -97.4708 19.4783 16.33438 
 2020-06-01 -97.4708 19.4783 16.05801 
 2020-07-01 -97.4708 19.4783 16.47622 
 2020-08-01 -97.4708 19.4783 15.65591 
 2020-09-01 -97.4708 19.4783 14.90518 
 2020-10-01 -97.4708 19.4783 13.49746 
 2020-11-01 -97.4708 19.4783 12.29775 
 2020-12-01 -97.4708 19.4783 11.81509 
 2021-01-01 -97.4708 19.4783 12.44692 
 2021-02-01 -97.4708 19.4783 13.89688 
 2021-03-01 -97.4708 19.4783 15.29019 
 2021-04-01 -97.4708 19.4783 16.39858 
 2021-05-01 -97.4708 19.4783 16.01431 
 2021-06-01 -97.4708 19.4783 15.23306 
 2021-07-01 -97.4708 19.4783 15.28994 
 2021-08-01 -97.4708 19.4783 15.45254 
 2021-09-01 -97.4708 19.4783 15.23355 
 2021-10-01 -97.4708 19.4783 14.70986 
 2021-11-01 -97.4708 19.4783 11.52847 
 2021-12-01 -97.4708 19.4783 12.47378 
 2022-01-01 -97.4708 19.4783 11.19839 
 2022-02-01 -97.4708 19.4783 11.68447 
 2022-03-01 -97.4708 19.4783 14.53213 
 2022-04-01 -97.4708 19.4783 16.12808 
 2022-05-01 -97.4708 19.4783   16.954 
 2022-06-01 -97.4708 19.4783 15.15737 
 2022-07-01 -97.4708 19.4783 15.47183 
 2022-08-01 -97.4708 19.4783 15.44082 
 2022-09-01 -97.4708 19.4783 14.14907 
 2022-10-01 -97.4708 19.4783 14.13442 
 2022-11-01 -97.4708 19.4783 13.71548 
 2022-12-01 -97.4708 19.4783 11.20449 
 2023-01-01 -97.4708 19.4783 11.98574 
 2023-02-01 -97.4708 19.4783 12.74356 
 2023-03-01 -97.4708 19.4783 15.20596 
 2023-04-01 -97.4708 19.4783 15.79263 
 2023-05-01 -97.4708 19.4783 15.79019 
 2023-06-01 -97.4708 19.4783 17.84878 
 2023-07-01 -97.4708 19.4783 15.88369 
 2023-08-01 -97.4708 19.4783  15.5563 
 2023-09-01 -97.4708 19.4783 15.80752 
 2023-10-01 -97.4708 19.4783 15.14688 
 2023-11-01 -97.4708 19.4783 13.55654 
 2023-12-01 -97.4708 19.4783 11.24941 
 2024-01-01 -97.4708 19.4783 13.71987 
 2024-02-01 -97.4708 19.4783 14.63516 
 2024-03-01 -97.4708 19.4783 17.50674 
 2024-04-01 -97.4708 19.4783 17.66299 
 2024-05-01 -97.4708 19.4783 19.93447 
 2024-06-01 -97.4708 19.4783 17.52261 
 2024-07-01 -97.4708 19.4783 15.96328 
 2024-08-01 -97.4708 19.4783 15.62637 
 2024-09-01 -97.4708 19.4783 16.04873 
 2024-10-01 -97.4708 19.4783 13.02261 
 2024-11-01 -97.4708 19.4783 13.42764 
 2024-12-01 -97.4708 19.4783  11.1376 
 2025-01-01 -97.4708 19.4783 11.78823 
 2025-02-01 -97.4708 19.4783 13.29092 
 2025-03-01 -97.4708 19.4783 15.72842 
 2025-04-01 -97.4708 19.4783 15.64565 
 2025-05-01 -97.4708 19.4783 17.26504 
 2025-06-01 -97.4708 19.4783 15.26919 
 2025-07-01 -97.4708 19.4783 15.22207 
 2025-08-01 -97.4708 19.4783 15.73062 
 2025-09-01 -97.4708 19.4783 15.63833 
 2025-10-01 -97.4708 19.4783 14.12393 
 2025-11-01 -97.4708 19.4783 12.46279 
 2025-12-01 -97.4708 19.4783 11.60488 
