#      date    lon    lat    value 
cdo(1) remapnn: Nearest neighbor weights from lonlat (9x9) to lonlat (1x1) grid
 1950-01-01 -97.0167 18.8167 13.42227 
 1950-02-01 -97.0167 18.8167 13.66274 
 1950-03-01 -97.0167 18.8167 16.23623 
 1950-04-01 -97.0167 18.8167 16.76016 
 1950-05-01 -97.0167 18.8167 18.98794 
 1950-06-01 -97.0167 18.8167 18.02529 
 1950-07-01 -97.0167 18.8167 17.42129 
 1950-08-01 -97.0167 18.8167 17.62075 
 1950-09-01 -97.0167 18.8167 18.67031 
 1950-10-01 -97.0167 18.8167 16.38711 
 1950-11-01 -97.0167 18.8167  13.3749 
 1950-12-01 -97.0167 18.8167 13.00112 
 1951-01-01 -97.0167 18.8167 13.66714 
 1951-02-01 -97.0167 18.8167 12.77358 
 1951-03-01 -97.0167 18.8167 16.12979 
 1951-04-01 -97.0167 18.8167 17.88418 
 1951-05-01 -97.0167 18.8167 18.85195 
 1951-06-01 -97.0167 18.8167 18.80483 
 1951-07-01 -97.0167 18.8167 18.08169 
 1951-08-01 -97.0167 18.8167  18.6769 
 1951-09-01 -97.0167 18.8167 18.16348 
 1951-10-01 -97.0167 18.8167 16.85464 
 1951-11-01 -97.0167 18.8167 15.08071 
 1951-12-01 -97.0167 18.8167  14.7543 
 1952-01-01 -97.0167 18.8167 13.85415 
 1952-02-01 -97.0167 18.8167 14.19937 
 1952-03-01 -97.0167 18.8167 17.66128 
 1952-04-01 -97.0167 18.8167 16.73477 
 1952-05-01 -97.0167 18.8167 17.60147 
 1952-06-01 -97.0167 18.8167 17.70327 
 1952-07-01 -97.0167 18.8167 16.89688 
 1952-08-01 -97.0167 18.8167 17.76284 
 1952-09-01 -97.0167 18.8167 17.57876 
 1952-10-01 -97.0167 18.8167 14.09414 
 1952-11-01 -97.0167 18.8167 14.90469 
 1952-12-01 -97.0167 18.8167 13.23745 
 1953-01-01 -97.0167 18.8167    12.35 
 1953-02-01 -97.0167 18.8167 14.63687 
 1953-03-01 -97.0167 18.8167 16.95645 
 1953-04-01 -97.0167 18.8167 19.23525 
 1953-05-01 -97.0167 18.8167  19.6752 
 1953-06-01 -97.0167 18.8167 18.19058 
 1953-07-01 -97.0167 18.8167 17.46108 
 1953-08-01 -97.0167 18.8167 18.26846 
 1953-09-01 -97.0167 18.8167 17.62417 
 1953-10-01 -97.0167 18.8167 16.20181 
 1953-11-01 -97.0167 18.8167 13.90566 
 1953-12-01 -97.0167 18.8167 13.13687 
 1954-01-01 -97.0167 18.8167 13.24966 
 1954-02-01 -97.0167 18.8167 13.82876 
 1954-03-01 -97.0167 18.8167 16.49771 
 1954-04-01 -97.0167 18.8167 16.79043 
 1954-05-01 -97.0167 18.8167 18.06753 
 1954-06-01 -97.0167 18.8167 17.76382 
 1954-07-01 -97.0167 18.8167 16.82168 
 1954-08-01 -97.0167 18.8167 17.36563 
 1954-09-01 -97.0167 18.8167 17.31436 
 1954-10-01 -97.0167 18.8167 15.74063 
 1954-11-01 -97.0167 18.8167  13.7311 
 1954-12-01 -97.0167 18.8167 11.69595 
 1955-01-01 -97.0167 18.8167  12.5834 
 1955-02-01 -97.0167 18.8167 12.85635 
 1955-03-01 -97.0167 18.8167 15.57925 
 1955-04-01 -97.0167 18.8167 18.90713 
 1955-05-01 -97.0167 18.8167 19.19424 
 1955-06-01 -97.0167 18.8167 18.28579 
 1955-07-01 -97.0167 18.8167  16.8019 
 1955-08-01 -97.0167 18.8167 17.51162 
 1955-09-01 -97.0167 18.8167 17.42251 
 1955-10-01 -97.0167 18.8167 15.57241 
 1955-11-01 -97.0167 18.8167  14.9501 
 1955-12-01 -97.0167 18.8167 12.98232 
 1956-01-01 -97.0167 18.8167 11.76528 
 1956-02-01 -97.0167 18.8167 14.83389 
 1956-03-01 -97.0167 18.8167 15.80654 
 1956-04-01 -97.0167 18.8167 18.05606 
 1956-05-01 -97.0167 18.8167 16.81729 
 1956-06-01 -97.0167 18.8167 16.54653 
 1956-07-01 -97.0167 18.8167 16.58071 
 1956-08-01 -97.0167 18.8167 17.58731 
 1956-09-01 -97.0167 18.8167 16.59854 
 1956-10-01 -97.0167 18.8167 15.88198 
 1956-11-01 -97.0167 18.8167 13.54702 
 1956-12-01 -97.0167 18.8167  12.9418 
 1957-01-01 -97.0167 18.8167 12.97866 
 1957-02-01 -97.0167 18.8167 14.31729 
 1957-03-01 -97.0167 18.8167  15.8627 
 1957-04-01 -97.0167 18.8167  17.7936 
 1957-05-01 -97.0167 18.8167 18.75161 
 1957-06-01 -97.0167 18.8167 18.76626 
 1957-07-01 -97.0167 18.8167 17.41006 
 1957-08-01 -97.0167 18.8167 17.61001 
 1957-09-01 -97.0167 18.8167 17.59536 
 1957-10-01 -97.0167 18.8167 15.58877 
 1957-11-01 -97.0167 18.8167 15.70913 
 1957-12-01 -97.0167 18.8167  12.5043 
 1958-01-01 -97.0167 18.8167 11.88955 
 1958-02-01 -97.0167 18.8167 13.15689 
 1958-03-01 -97.0167 18.8167 15.88076 
 1958-04-01 -97.0167 18.8167 18.37271 
 1958-05-01 -97.0167 18.8167 17.60781 
 1958-06-01 -97.0167 18.8167 18.31533 
 1958-07-01 -97.0167 18.8167 17.16177 
 1958-08-01 -97.0167 18.8167 18.16079 
 1958-09-01 -97.0167 18.8167 18.00088 
 1958-10-01 -97.0167 18.8167 16.46084 
 1958-11-01 -97.0167 18.8167 15.31436 
 1958-12-01 -97.0167 18.8167 13.10098 
 1959-01-01 -97.0167 18.8167  12.9645 
 1959-02-01 -97.0167 18.8167 15.19888 
 1959-03-01 -97.0167 18.8167 15.73721 
 1959-04-01 -97.0167 18.8167 16.69229 
 1959-05-01 -97.0167 18.8167  17.9103 
 1959-06-01 -97.0167 18.8167 18.12393 
 1959-07-01 -97.0167 18.8167 17.03213 
 1959-08-01 -97.0167 18.8167 17.43594 
 1959-09-01 -97.0167 18.8167 17.52407 
 1959-10-01 -97.0167 18.8167 17.20547 
 1959-11-01 -97.0167 18.8167 14.04214 
 1959-12-01 -97.0167 18.8167 13.22036 
 1960-01-01 -97.0167 18.8167 13.69766 
 1960-02-01 -97.0167 18.8167 13.39712 
 1960-03-01 -97.0167 18.8167 15.13027 
 1960-04-01 -97.0167 18.8167 16.94595 
 1960-05-01 -97.0167 18.8167 18.88784 
 1960-06-01 -97.0167 18.8167 18.34536 
 1960-07-01 -97.0167 18.8167 17.44814 
 1960-08-01 -97.0167 18.8167  17.5773 
 1960-09-01 -97.0167 18.8167 16.74697 
 1960-10-01 -97.0167 18.8167 17.19912 
 1960-11-01 -97.0167 18.8167 14.96011 
 1960-12-01 -97.0167 18.8167 12.53774 
 1961-01-01 -97.0167 18.8167 12.40078 
 1961-02-01 -97.0167 18.8167 13.34731 
 1961-03-01 -97.0167 18.8167 16.22793 
 1961-04-01 -97.0167 18.8167 17.39248 
 1961-05-01 -97.0167 18.8167 18.92031 
 1961-06-01 -97.0167 18.8167 17.64224 
 1961-07-01 -97.0167 18.8167 16.70913 
 1961-08-01 -97.0167 18.8167 17.02383 
 1961-09-01 -97.0167 18.8167  17.4186 
 1961-10-01 -97.0167 18.8167 15.64541 
 1961-11-01 -97.0167 18.8167 15.11025 
 1961-12-01 -97.0167 18.8167 13.72427 
 1962-01-01 -97.0167 18.8167 12.11782 
 1962-02-01 -97.0167 18.8167 15.83145 
 1962-03-01 -97.0167 18.8167  16.1686 
 1962-04-01 -97.0167 18.8167 16.31851 
 1962-05-01 -97.0167 18.8167 17.72231 
 1962-06-01 -97.0167 18.8167 18.56558 
 1962-07-01 -97.0167 18.8167 17.52578 
 1962-08-01 -97.0167 18.8167  18.4562 
 1962-09-01 -97.0167 18.8167 17.79629 
 1962-10-01 -97.0167 18.8167 17.09658 
 1962-11-01 -97.0167 18.8167 14.03701 
 1962-12-01 -97.0167 18.8167 13.48379 
 1963-01-01 -97.0167 18.8167 13.20181 
 1963-02-01 -97.0167 18.8167 12.66445 
 1963-03-01 -97.0167 18.8167 16.51528 
 1963-04-01 -97.0167 18.8167 18.60806 
 1963-05-01 -97.0167 18.8167 17.92178 
 1963-06-01 -97.0167 18.8167 18.72842 
 1963-07-01 -97.0167 18.8167 17.42593 
 1963-08-01 -97.0167 18.8167 17.76724 
 1963-09-01 -97.0167 18.8167 17.30093 
 1963-10-01 -97.0167 18.8167 15.68008 
 1963-11-01 -97.0167 18.8167 14.74575 
 1963-12-01 -97.0167 18.8167 12.18789 
 1964-01-01 -97.0167 18.8167 12.72524 
 1964-02-01 -97.0167 18.8167   14.121 
 1964-03-01 -97.0167 18.8167 16.74893 
 1964-04-01 -97.0167 18.8167 18.92275 
 1964-05-01 -97.0167 18.8167 18.75796 
 1964-06-01 -97.0167 18.8167 17.45278 
 1964-07-01 -97.0167 18.8167 17.24526 
 1964-08-01 -97.0167 18.8167 18.26138 
 1964-09-01 -97.0167 18.8167 18.01162 
 1964-10-01 -97.0167 18.8167 14.99233 
 1964-11-01 -97.0167 18.8167 15.11538 
 1964-12-01 -97.0167 18.8167 13.69522 
 1965-01-01 -97.0167 18.8167 12.54629 
 1965-02-01 -97.0167 18.8167  13.6835 
 1965-03-01 -97.0167 18.8167 15.32192 
 1965-04-01 -97.0167 18.8167 18.03726 
 1965-05-01 -97.0167 18.8167 18.72891 
 1965-06-01 -97.0167 18.8167 18.03823 
 1965-07-01 -97.0167 18.8167  16.8002 
 1965-08-01 -97.0167 18.8167 16.90078 
 1965-09-01 -97.0167 18.8167 17.79409 
 1965-10-01 -97.0167 18.8167 15.87173 
 1965-11-01 -97.0167 18.8167 15.13198 
 1965-12-01 -97.0167 18.8167 13.85366 
 1966-01-01 -97.0167 18.8167 11.97769 
 1966-02-01 -97.0167 18.8167 13.43984 
 1966-03-01 -97.0167 18.8167 13.78799 
 1966-04-01 -97.0167 18.8167 17.64736 
 1966-05-01 -97.0167 18.8167 18.14248 
 1966-06-01 -97.0167 18.8167  17.7499 
 1966-07-01 -97.0167 18.8167 17.80703 
 1966-08-01 -97.0167 18.8167 17.95645 
 1966-09-01 -97.0167 18.8167 17.66421 
 1966-10-01 -97.0167 18.8167 16.25772 
 1966-11-01 -97.0167 18.8167 13.06265 
 1966-12-01 -97.0167 18.8167 12.42373 
 1967-01-01 -97.0167 18.8167 12.70522 
 1967-02-01 -97.0167 18.8167 13.24258 
 1967-03-01 -97.0167 18.8167 15.26284 
 1967-04-01 -97.0167 18.8167 17.66055 
 1967-05-01 -97.0167 18.8167 18.74893 
 1967-06-01 -97.0167 18.8167   18.652 
 1967-07-01 -97.0167 18.8167 17.63125 
 1967-08-01 -97.0167 18.8167 17.97671 
 1967-09-01 -97.0167 18.8167 17.51162 
 1967-10-01 -97.0167 18.8167 15.93984 
 1967-11-01 -97.0167 18.8167  14.6625 
 1967-12-01 -97.0167 18.8167 14.74356 
 1968-01-01 -97.0167 18.8167 12.94033 
 1968-02-01 -97.0167 18.8167 12.65884 
 1968-03-01 -97.0167 18.8167  13.9396 
 1968-04-01 -97.0167 18.8167 17.88857 
 1968-05-01 -97.0167 18.8167  18.6083 
 1968-06-01 -97.0167 18.8167 18.49868 
 1968-07-01 -97.0167 18.8167 17.47573 
 1968-08-01 -97.0167 18.8167 17.73379 
 1968-09-01 -97.0167 18.8167 17.98525 
 1968-10-01 -97.0167 18.8167 16.83608 
 1968-11-01 -97.0167 18.8167 15.12856 
 1968-12-01 -97.0167 18.8167 14.17446 
 1969-01-01 -97.0167 18.8167 13.96816 
 1969-02-01 -97.0167 18.8167 15.15689 
 1969-03-01 -97.0167 18.8167  15.4042 
 1969-04-01 -97.0167 18.8167 18.31362 
 1969-05-01 -97.0167 18.8167 18.72207 
 1969-06-01 -97.0167 18.8167 19.57485 
 1969-07-01 -97.0167 18.8167 18.63272 
 1969-08-01 -97.0167 18.8167 18.09683 
 1969-09-01 -97.0167 18.8167 17.82925 
 1969-10-01 -97.0167 18.8167 17.52285 
 1969-11-01 -97.0167 18.8167 14.51211 
 1969-12-01 -97.0167 18.8167 14.16274 
 1970-01-01 -97.0167 18.8167 12.99331 
 1970-02-01 -97.0167 18.8167  12.8041 
 1970-03-01 -97.0167 18.8167  15.9501 
 1970-04-01 -97.0167 18.8167 19.14688 
 1970-05-01 -97.0167 18.8167 17.78115 
 1970-06-01 -97.0167 18.8167 18.33755 
 1970-07-01 -97.0167 18.8167 17.63174 
 1970-08-01 -97.0167 18.8167  18.5519 
 1970-09-01 -97.0167 18.8167 18.07852 
 1970-10-01 -97.0167 18.8167 17.65078 
 1970-11-01 -97.0167 18.8167 13.50405 
 1970-12-01 -97.0167 18.8167 13.99917 
 1971-01-01 -97.0167 18.8167 14.42861 
 1971-02-01 -97.0167 18.8167 14.53897 
 1971-03-01 -97.0167 18.8167 16.15811 
 1971-04-01 -97.0167 18.8167 17.01138 
 1971-05-01 -97.0167 18.8167 18.84243 
 1971-06-01 -97.0167 18.8167 18.01919 
 1971-07-01 -97.0167 18.8167 17.31533 
 1971-08-01 -97.0167 18.8167 17.81704 
 1971-09-01 -97.0167 18.8167 18.43936 
 1971-10-01 -97.0167 18.8167 17.28897 
 1971-11-01 -97.0167 18.8167 15.71157 
 1971-12-01 -97.0167 18.8167 15.02236 
 1972-01-01 -97.0167 18.8167 14.33731 
 1972-02-01 -97.0167 18.8167 13.33999 
 1972-03-01 -97.0167 18.8167 16.37051 
 1972-04-01 -97.0167 18.8167 18.32681 
 1972-05-01 -97.0167 18.8167  18.9125 
 1972-06-01 -97.0167 18.8167 18.66177 
 1972-07-01 -97.0167 18.8167 17.36221 
 1972-08-01 -97.0167 18.8167  17.2792 
 1972-09-01 -97.0167 18.8167 17.73257 
 1972-10-01 -97.0167 18.8167 17.34585 
 1972-11-01 -97.0167 18.8167 17.05581 
 1972-12-01 -97.0167 18.8167 14.09292 
 1973-01-01 -97.0167 18.8167 13.15859 
 1973-02-01 -97.0167 18.8167 13.56362 
 1973-03-01 -97.0167 18.8167 18.26992 
 1973-04-01 -97.0167 18.8167 17.99307 
 1973-05-01 -97.0167 18.8167 19.10928 
 1973-06-01 -97.0167 18.8167 18.40469 
 1973-07-01 -97.0167 18.8167 17.99624 
 1973-08-01 -97.0167 18.8167  17.8666 
 1973-09-01 -97.0167 18.8167  18.3605 
 1973-10-01 -97.0167 18.8167 16.92861 
 1973-11-01 -97.0167 18.8167 16.06606 
 1973-12-01 -97.0167 18.8167 13.17666 
 1974-01-01 -97.0167 18.8167 14.64663 
 1974-02-01 -97.0167 18.8167 14.08511 
 1974-03-01 -97.0167 18.8167 16.20474 
 1974-04-01 -97.0167 18.8167 17.27627 
 1974-05-01 -97.0167 18.8167 18.88223 
 1974-06-01 -97.0167 18.8167 18.09072 
 1974-07-01 -97.0167 18.8167 17.36611 
 1974-08-01 -97.0167 18.8167 18.33438 
 1974-09-01 -97.0167 18.8167 17.85806 
 1974-10-01 -97.0167 18.8167 15.78408 
 1974-11-01 -97.0167 18.8167 14.70742 
 1974-12-01 -97.0167 18.8167 14.28286 
 1975-01-01 -97.0167 18.8167    13.35 
 1975-02-01 -97.0167 18.8167 15.09341 
 1975-03-01 -97.0167 18.8167 17.78286 
 1975-04-01 -97.0167 18.8167 19.27212 
 1975-05-01 -97.0167 18.8167 19.69448 
 1975-06-01 -97.0167 18.8167 18.70083 
 1975-07-01 -97.0167 18.8167 17.90347 
 1975-08-01 -97.0167 18.8167 18.50674 
 1975-09-01 -97.0167 18.8167 17.53042 
 1975-10-01 -97.0167 18.8167 16.71939 
 1975-11-01 -97.0167 18.8167 15.47524 
 1975-12-01 -97.0167 18.8167 13.39004 
 1976-01-01 -97.0167 18.8167 12.15249 
 1976-02-01 -97.0167 18.8167 13.06191 
 1976-03-01 -97.0167 18.8167 17.31997 
 1976-04-01 -97.0167 18.8167 17.69717 
 1976-05-01 -97.0167 18.8167 18.29897 
 1976-06-01 -97.0167 18.8167 18.39126 
 1976-07-01 -97.0167 18.8167 18.08853 
 1976-08-01 -97.0167 18.8167 17.85464 
 1976-09-01 -97.0167 18.8167 18.54336 
 1976-10-01 -97.0167 18.8167 16.95132 
 1976-11-01 -97.0167 18.8167  14.2438 
 1976-12-01 -97.0167 18.8167 13.50942 
 1977-01-01 -97.0167 18.8167 13.51138 
 1977-02-01 -97.0167 18.8167  13.7084 
 1977-03-01 -97.0167 18.8167 17.48672 
 1977-04-01 -97.0167 18.8167  16.3395 
 1977-05-01 -97.0167 18.8167 19.06533 
 1977-06-01 -97.0167 18.8167 18.46597 
 1977-07-01 -97.0167 18.8167 18.12368 
 1977-08-01 -97.0167 18.8167 19.23672 
 1977-09-01 -97.0167 18.8167 19.18667 
 1977-10-01 -97.0167 18.8167 17.90689 
 1977-11-01 -97.0167 18.8167 16.46914 
 1977-12-01 -97.0167 18.8167 15.27481 
 1978-01-01 -97.0167 18.8167 13.68154 
 1978-02-01 -97.0167 18.8167 13.70767 
 1978-03-01 -97.0167 18.8167 15.72524 
 1978-04-01 -97.0167 18.8167 18.73208 
 1978-05-01 -97.0167 18.8167 20.35903 
 1978-06-01 -97.0167 18.8167 18.83926 
 1978-07-01 -97.0167 18.8167 18.56289 
 1978-08-01 -97.0167 18.8167 18.89395 
 1978-09-01 -97.0167 18.8167 18.76895 
 1978-10-01 -97.0167 18.8167 16.97622 
 1978-11-01 -97.0167 18.8167 16.83413 
 1978-12-01 -97.0167 18.8167 15.17349 
 1979-01-01 -97.0167 18.8167 13.95791 
 1979-02-01 -97.0167 18.8167 14.74331 
 1979-03-01 -97.0167 18.8167  16.6835 
 1979-04-01 -97.0167 18.8167 19.22085 
 1979-05-01 -97.0167 18.8167 19.29287 
 1979-06-01 -97.0167 18.8167 18.69644 
 1979-07-01 -97.0167 18.8167 19.10732 
 1979-08-01 -97.0167 18.8167 18.19375 
 1979-09-01 -97.0167 18.8167 18.21816 
 1979-10-01 -97.0167 18.8167 18.10317 
 1979-11-01 -97.0167 18.8167 15.02651 
 1979-12-01 -97.0167 18.8167  14.4584 
 1980-01-01 -97.0167 18.8167 14.90981 
 1980-02-01 -97.0167 18.8167 14.42764 
 1980-03-01 -97.0167 18.8167 17.89907 
 1980-04-01 -97.0167 18.8167 17.79751 
 1980-05-01 -97.0167 18.8167 20.85903 
 1980-06-01 -97.0167 18.8167 19.19399 
 1980-07-01 -97.0167 18.8167 19.58486 
 1980-08-01 -97.0167 18.8167 19.65249 
 1980-09-01 -97.0167 18.8167 19.13589 
 1980-10-01 -97.0167 18.8167 17.69619 
 1980-11-01 -97.0167 18.8167 15.18057 
 1980-12-01 -97.0167 18.8167 13.75332 
 1981-01-01 -97.0167 18.8167 12.90469 
 1981-02-01 -97.0167 18.8167 14.20669 
 1981-03-01 -97.0167 18.8167 17.04385 
 1981-04-01 -97.0167 18.8167 18.16836 
 1981-05-01 -97.0167 18.8167 20.03335 
 1981-06-01 -97.0167 18.8167 19.55239 
 1981-07-01 -97.0167 18.8167 18.77285 
 1981-08-01 -97.0167 18.8167   18.954 
 1981-09-01 -97.0167 18.8167  18.7145 
 1981-10-01 -97.0167 18.8167 18.20522 
 1981-11-01 -97.0167 18.8167 15.53945 
 1981-12-01 -97.0167 18.8167 15.39321 
 1982-01-01 -97.0167 18.8167 15.46963 
 1982-02-01 -97.0167 18.8167 15.38809 
 1982-03-01 -97.0167 18.8167 17.70889 
 1982-04-01 -97.0167 18.8167  19.7189 
 1982-05-01 -97.0167 18.8167 19.81924 
 1982-06-01 -97.0167 18.8167 19.97866 
 1982-07-01 -97.0167 18.8167  18.1918 
 1982-08-01 -97.0167 18.8167 18.50405 
 1982-09-01 -97.0167 18.8167 18.54312 
 1982-10-01 -97.0167 18.8167   17.204 
 1982-11-01 -97.0167 18.8167 15.58438 
 1982-12-01 -97.0167 18.8167 14.43887 
 1983-01-01 -97.0167 18.8167 13.31704 
 1983-02-01 -97.0167 18.8167 14.05801 
 1983-03-01 -97.0167 18.8167 16.62246 
 1983-04-01 -97.0167 18.8167 18.24624 
 1983-05-01 -97.0167 18.8167 21.11221 
 1983-06-01 -97.0167 18.8167 20.21963 
 1983-07-01 -97.0167 18.8167     18.6 
 1983-08-01 -97.0167 18.8167 19.10806 
 1983-09-01 -97.0167 18.8167 18.86563 
 1983-10-01 -97.0167 18.8167 17.37246 
 1983-11-01 -97.0167 18.8167 17.22427 
 1983-12-01 -97.0167 18.8167 15.22402 
 1984-01-01 -97.0167 18.8167 13.40615 
 1984-02-01 -97.0167 18.8167 14.39004 
 1984-03-01 -97.0167 18.8167 16.52651 
 1984-04-01 -97.0167 18.8167 19.53335 
 1984-05-01 -97.0167 18.8167 18.85513 
 1984-06-01 -97.0167 18.8167 18.71646 
 1984-07-01 -97.0167 18.8167 18.30874 
 1984-08-01 -97.0167 18.8167 18.17593 
 1984-09-01 -97.0167 18.8167 18.01675 
 1984-10-01 -97.0167 18.8167 18.28897 
 1984-11-01 -97.0167 18.8167 15.30117 
 1984-12-01 -97.0167 18.8167  14.6354 
 1985-01-01 -97.0167 18.8167 13.32388 
 1985-02-01 -97.0167 18.8167 14.34439 
 1985-03-01 -97.0167 18.8167  16.7001 
 1985-04-01 -97.0167 18.8167 17.90957 
 1985-05-01 -97.0167 18.8167 19.30825 
 1985-06-01 -97.0167 18.8167 19.24893 
 1985-07-01 -97.0167 18.8167 18.45425 
 1985-08-01 -97.0167 18.8167 18.79043 
 1985-09-01 -97.0167 18.8167 18.36001 
 1985-10-01 -97.0167 18.8167 17.25869 
 1985-11-01 -97.0167 18.8167 16.06191 
 1985-12-01 -97.0167 18.8167 14.33364 
 1986-01-01 -97.0167 18.8167 12.32876 
 1986-02-01 -97.0167 18.8167 15.81899 
 1986-03-01 -97.0167 18.8167 15.22427 
 1986-04-01 -97.0167 18.8167 18.52139 
 1986-05-01 -97.0167 18.8167  19.3522 
 1986-06-01 -97.0167 18.8167 19.09976 
 1986-07-01 -97.0167 18.8167 17.79019 
 1986-08-01 -97.0167 18.8167 18.84097 
 1986-09-01 -97.0167 18.8167 18.55483 
 1986-10-01 -97.0167 18.8167 17.52358 
 1986-11-01 -97.0167 18.8167 16.87808 
 1986-12-01 -97.0167 18.8167 14.77505 
 1987-01-01 -97.0167 18.8167  13.2897 
 1987-02-01 -97.0167 18.8167 15.22354 
 1987-03-01 -97.0167 18.8167 16.49917 
 1987-04-01 -97.0167 18.8167 16.22134 
 1987-05-01 -97.0167 18.8167 19.04238 
 1987-06-01 -97.0167 18.8167 19.55825 
 1987-07-01 -97.0167 18.8167 18.66201 
 1987-08-01 -97.0167 18.8167 19.13027 
 1987-09-01 -97.0167 18.8167 19.72085 
 1987-10-01 -97.0167 18.8167 16.08853 
 1987-11-01 -97.0167 18.8167 15.66006 
 1987-12-01 -97.0167 18.8167 15.72109 
 1988-01-01 -97.0167 18.8167 13.34439 
 1988-02-01 -97.0167 18.8167 14.55703 
 1988-03-01 -97.0167 18.8167 16.15908 
 1988-04-01 -97.0167 18.8167 19.13857 
 1988-05-01 -97.0167 18.8167 19.25039 
 1988-06-01 -97.0167 18.8167 19.05093 
 1988-07-01 -97.0167 18.8167 19.09097 
 1988-08-01 -97.0167 18.8167 19.00234 
 1988-09-01 -97.0167 18.8167 18.82461 
 1988-10-01 -97.0167 18.8167 16.78799 
 1988-11-01 -97.0167 18.8167 16.51577 
 1988-12-01 -97.0167 18.8167 14.06533 
 1989-01-01 -97.0167 18.8167 14.91958 
 1989-02-01 -97.0167 18.8167 14.36929 
 1989-03-01 -97.0167 18.8167 15.61904 
 1989-04-01 -97.0167 18.8167  17.4418 
 1989-05-01 -97.0167 18.8167 19.49893 
 1989-06-01 -97.0167 18.8167 19.52676 
 1989-07-01 -97.0167 18.8167 18.75918 
 1989-08-01 -97.0167 18.8167 18.98525 
 1989-09-01 -97.0167 18.8167 18.27944 
 1989-10-01 -97.0167 18.8167 17.03262 
 1989-11-01 -97.0167 18.8167 16.74526 
 1989-12-01 -97.0167 18.8167 13.37783 
 1990-01-01 -97.0167 18.8167 14.60977 
 1990-02-01 -97.0167 18.8167 15.29287 
 1990-03-01 -97.0167 18.8167 16.18716 
 1990-04-01 -97.0167 18.8167 18.32681 
 1990-05-01 -97.0167 18.8167 20.10513 
 1990-06-01 -97.0167 18.8167 19.15151 
 1990-07-01 -97.0167 18.8167 18.92251 
 1990-08-01 -97.0167 18.8167 18.85952 
 1990-09-01 -97.0167 18.8167 18.97622 
 1990-10-01 -97.0167 18.8167 17.73818 
 1990-11-01 -97.0167 18.8167 16.24185 
 1990-12-01 -97.0167 18.8167 14.17324 
 1991-01-01 -97.0167 18.8167 15.30825 
 1991-02-01 -97.0167 18.8167 14.97573 
 1991-03-01 -97.0167 18.8167 18.57412 
 1991-04-01 -97.0167 18.8167 19.97158 
 1991-05-01 -97.0167 18.8167 19.93814 
 1991-06-01 -97.0167 18.8167 19.51162 
 1991-07-01 -97.0167 18.8167 18.68106 
 1991-08-01 -97.0167 18.8167  19.2333 
 1991-09-01 -97.0167 18.8167 18.40566 
 1991-10-01 -97.0167 18.8167 17.67617 
 1991-11-01 -97.0167 18.8167 14.99624 
 1991-12-01 -97.0167 18.8167 14.66543 
 1992-01-01 -97.0167 18.8167 13.91397 
 1992-02-01 -97.0167 18.8167 14.78042 
 1992-03-01 -97.0167 18.8167 17.36196 
 1992-04-01 -97.0167 18.8167 17.92983 
 1992-05-01 -97.0167 18.8167 17.92861 
 1992-06-01 -97.0167 18.8167 20.13662 
 1992-07-01 -97.0167 18.8167 18.67813 
 1992-08-01 -97.0167 18.8167 18.60635 
 1992-09-01 -97.0167 18.8167 18.40273 
 1992-10-01 -97.0167 18.8167 17.66738 
 1992-11-01 -97.0167 18.8167 16.41665 
 1992-12-01 -97.0167 18.8167 15.46719 
 1993-01-01 -97.0167 18.8167  15.0165 
 1993-02-01 -97.0167 18.8167 15.72964 
 1993-03-01 -97.0167 18.8167 16.21646 
 1993-04-01 -97.0167 18.8167 18.38052 
 1993-05-01 -97.0167 18.8167 18.77236 
 1993-06-01 -97.0167 18.8167 19.52969 
 1993-07-01 -97.0167 18.8167 18.93081 
 1993-08-01 -97.0167 18.8167 18.57412 
 1993-09-01 -97.0167 18.8167 18.41836 
 1993-10-01 -97.0167 18.8167 18.08071 
 1993-11-01 -97.0167 18.8167 15.78872 
 1993-12-01 -97.0167 18.8167 14.49575 
 1994-01-01 -97.0167 18.8167 14.05483 
 1994-02-01 -97.0167 18.8167 15.29409 
 1994-03-01 -97.0167 18.8167 17.09487 
 1994-04-01 -97.0167 18.8167 18.61904 
 1994-05-01 -97.0167 18.8167 19.62124 
 1994-06-01 -97.0167 18.8167 19.17129 
 1994-07-01 -97.0167 18.8167 18.92813 
 1994-08-01 -97.0167 18.8167 18.86123 
 1994-09-01 -97.0167 18.8167 18.53799 
 1994-10-01 -97.0167 18.8167 18.68643 
 1994-11-01 -97.0167 18.8167 17.13198 
 1994-12-01 -97.0167 18.8167 15.60024 
 1995-01-01 -97.0167 18.8167 15.08145 
 1995-02-01 -97.0167 18.8167 15.83218 
 1995-03-01 -97.0167 18.8167 17.27871 
 1995-04-01 -97.0167 18.8167 19.37979 
 1995-05-01 -97.0167 18.8167 21.35781 
 1995-06-01 -97.0167 18.8167 20.15225 
 1995-07-01 -97.0167 18.8167 19.02505 
 1995-08-01 -97.0167 18.8167 19.37954 
 1995-09-01 -97.0167 18.8167 19.14956 
 1995-10-01 -97.0167 18.8167 18.39785 
 1995-11-01 -97.0167 18.8167 16.57949 
 1995-12-01 -97.0167 18.8167 14.98257 
 1996-01-01 -97.0167 18.8167 13.25918 
 1996-02-01 -97.0167 18.8167 14.92007 
 1996-03-01 -97.0167 18.8167 15.81362 
 1996-04-01 -97.0167 18.8167 17.93179 
 1996-05-01 -97.0167 18.8167  19.8273 
 1996-06-01 -97.0167 18.8167 18.96475 
 1996-07-01 -97.0167 18.8167 19.10684 
 1996-08-01 -97.0167 18.8167 18.78115 
 1996-09-01 -97.0167 18.8167 19.99258 
 1996-10-01 -97.0167 18.8167  18.2272 
 1996-11-01 -97.0167 18.8167 15.19937 
 1996-12-01 -97.0167 18.8167 14.74868 
 1997-01-01 -97.0167 18.8167 13.96939 
 1997-02-01 -97.0167 18.8167 15.13442 
 1997-03-01 -97.0167 18.8167 16.96011 
 1997-04-01 -97.0167 18.8167 18.45278 
 1997-05-01 -97.0167 18.8167  18.5458 
 1997-06-01 -97.0167 18.8167 19.86147 
 1997-07-01 -97.0167 18.8167 18.98647 
 1997-08-01 -97.0167 18.8167 19.07803 
 1997-09-01 -97.0167 18.8167 18.70645 
 1997-10-01 -97.0167 18.8167 17.81289 
 1997-11-01 -97.0167 18.8167 16.89761 
 1997-12-01 -97.0167 18.8167 14.33926 
 1998-01-01 -97.0167 18.8167 14.38296 
 1998-02-01 -97.0167 18.8167 15.37246 
 1998-03-01 -97.0167 18.8167 16.71548 
 1998-04-01 -97.0167 18.8167 19.24233 
 1998-05-01 -97.0167 18.8167  20.7394 
 1998-06-01 -97.0167 18.8167 20.67031 
 1998-07-01 -97.0167 18.8167 19.02358 
 1998-08-01 -97.0167 18.8167 19.52017 
 1998-09-01 -97.0167 18.8167 19.77065 
 1998-10-01 -97.0167 18.8167 18.33779 
 1998-11-01 -97.0167 18.8167  17.0707 
 1998-12-01 -97.0167 18.8167 14.58267 
 1999-01-01 -97.0167 18.8167  13.7145 
 1999-02-01 -97.0167 18.8167 14.77847 
 1999-03-01 -97.0167 18.8167 16.86807 
 1999-04-01 -97.0167 18.8167 19.47012 
 1999-05-01 -97.0167 18.8167 20.10415 
 1999-06-01 -97.0167 18.8167 19.62783 
 1999-07-01 -97.0167 18.8167 18.49697 
 1999-08-01 -97.0167 18.8167 19.22744 
 1999-09-01 -97.0167 18.8167 18.46548 
 1999-10-01 -97.0167 18.8167 16.96914 
 1999-11-01 -97.0167 18.8167  14.3688 
 1999-12-01 -97.0167 18.8167  13.4103 
 2000-01-01 -97.0167 18.8167 13.57852 
 2000-02-01 -97.0167 18.8167 14.65151 
 2000-03-01 -97.0167 18.8167 17.79189 
 2000-04-01 -97.0167 18.8167 18.13101 
 2000-05-01 -97.0167 18.8167 19.12539 
 2000-06-01 -97.0167 18.8167 18.85952 
 2000-07-01 -97.0167 18.8167 18.69131 
 2000-08-01 -97.0167 18.8167 18.33096 
 2000-09-01 -97.0167 18.8167   18.746 
 2000-10-01 -97.0167 18.8167 17.14517 
 2000-11-01 -97.0167 18.8167 16.59146 
 2000-12-01 -97.0167 18.8167 13.20107 
 2001-01-01 -97.0167 18.8167 13.47061 
 2001-02-01 -97.0167 18.8167 15.09487 
 2001-03-01 -97.0167 18.8167 16.46548 
 2001-04-01 -97.0167 18.8167  18.3478 
 2001-05-01 -97.0167 18.8167 18.60757 
 2001-06-01 -97.0167 18.8167 18.64688 
 2001-07-01 -97.0167 18.8167 18.71108 
 2001-08-01 -97.0167 18.8167 18.48232 
 2001-09-01 -97.0167 18.8167 18.82534 
 2001-10-01 -97.0167 18.8167 17.15371 
 2001-11-01 -97.0167 18.8167 15.40176 
 2001-12-01 -97.0167 18.8167  14.3771 
 2002-01-01 -97.0167 18.8167 13.93691 
 2002-02-01 -97.0167 18.8167 13.95059 
 2002-03-01 -97.0167 18.8167 16.71011 
 2002-04-01 -97.0167 18.8167  18.2626 
 2002-05-01 -97.0167 18.8167 19.04287 
 2002-06-01 -97.0167 18.8167 19.14785 
 2002-07-01 -97.0167 18.8167  18.6332 
 2002-08-01 -97.0167 18.8167  18.8229 
 2002-09-01 -97.0167 18.8167 19.24136 
 2002-10-01 -97.0167 18.8167 18.60928 
 2002-11-01 -97.0167 18.8167 15.19961 
 2002-12-01 -97.0167 18.8167 14.15078 
 2003-01-01 -97.0167 18.8167 12.71304 
 2003-02-01 -97.0167 18.8167 15.54702 
 2003-03-01 -97.0167 18.8167  17.6332 
 2003-04-01 -97.0167 18.8167  18.8085 
 2003-05-01 -97.0167 18.8167 20.58657 
 2003-06-01 -97.0167 18.8167 19.79263 
 2003-07-01 -97.0167 18.8167  18.7582 
 2003-08-01 -97.0167 18.8167 19.02114 
 2003-09-01 -97.0167 18.8167 19.17105 
 2003-10-01 -97.0167 18.8167 18.30435 
 2003-11-01 -97.0167 18.8167 15.88076 
 2003-12-01 -97.0167 18.8167 12.37979 
 2004-01-01 -97.0167 18.8167 13.74478 
 2004-02-01 -97.0167 18.8167 14.19766 
 2004-03-01 -97.0167 18.8167 16.02383 
 2004-04-01 -97.0167 18.8167 17.23623 
 2004-05-01 -97.0167 18.8167 18.74795 
 2004-06-01 -97.0167 18.8167 18.90957 
 2004-07-01 -97.0167 18.8167 18.93936 
 2004-08-01 -97.0167 18.8167 19.22402 
 2004-09-01 -97.0167 18.8167  19.0126 
 2004-10-01 -97.0167 18.8167 18.64883 
 2004-11-01 -97.0167 18.8167 15.80532 
 2004-12-01 -97.0167 18.8167 13.31484 
 2005-01-01 -97.0167 18.8167 13.44204 
 2005-02-01 -97.0167 18.8167 14.95474 
 2005-03-01 -97.0167 18.8167 17.43008 
 2005-04-01 -97.0167 18.8167 18.56289 
 2005-05-01 -97.0167 18.8167 18.90347 
 2005-06-01 -97.0167 18.8167 20.12881 
 2005-07-01 -97.0167 18.8167 19.49038 
 2005-08-01 -97.0167 18.8167 19.04067 
 2005-09-01 -97.0167 18.8167 19.00918 
 2005-10-01 -97.0167 18.8167 17.98379 
 2005-11-01 -97.0167 18.8167 15.51675 
 2005-12-01 -97.0167 18.8167 14.92715 
 2006-01-01 -97.0167 18.8167 13.76626 
 2006-02-01 -97.0167 18.8167 14.49502 
 2006-03-01 -97.0167 18.8167 16.93106 
 2006-04-01 -97.0167 18.8167 18.82412 
 2006-05-01 -97.0167 18.8167 19.09023 
 2006-06-01 -97.0167 18.8167 18.87686 
 2006-07-01 -97.0167 18.8167 18.65957 
 2006-08-01 -97.0167 18.8167 19.08706 
 2006-09-01 -97.0167 18.8167 19.41519 
 2006-10-01 -97.0167 18.8167 18.83364 
 2006-11-01 -97.0167 18.8167 15.48965 
 2006-12-01 -97.0167 18.8167 14.66226 
 2007-01-01 -97.0167 18.8167 14.35024 
 2007-02-01 -97.0167 18.8167 15.40518 
 2007-03-01 -97.0167 18.8167 16.19204 
 2007-04-01 -97.0167 18.8167 18.21499 
 2007-05-01 -97.0167 18.8167 18.84951 
 2007-06-01 -97.0167 18.8167 19.45596 
 2007-07-01 -97.0167 18.8167 19.10855 
 2007-08-01 -97.0167 18.8167 19.07339 
 2007-09-01 -97.0167 18.8167 18.90566 
 2007-10-01 -97.0167 18.8167 17.66885 
 2007-11-01 -97.0167 18.8167 15.51919 
 2007-12-01 -97.0167 18.8167 15.22573 
 2008-01-01 -97.0167 18.8167 13.94497 
 2008-02-01 -97.0167 18.8167 16.22231 
 2008-03-01 -97.0167 18.8167 16.36856 
 2008-04-01 -97.0167 18.8167 18.69033 
 2008-05-01 -97.0167 18.8167 20.07876 
 2008-06-01 -97.0167 18.8167 18.93838 
 2008-07-01 -97.0167 18.8167 18.82412 
 2008-08-01 -97.0167 18.8167 19.76187 
 2008-09-01 -97.0167 18.8167 19.02481 
 2008-10-01 -97.0167 18.8167 17.10977 
 2008-11-01 -97.0167 18.8167 14.96963 
 2008-12-01 -97.0167 18.8167 14.11563 
 2009-01-01 -97.0167 18.8167 13.94668 
 2009-02-01 -97.0167 18.8167  14.6188 
 2009-03-01 -97.0167 18.8167 16.32876 
 2009-04-01 -97.0167 18.8167 18.90689 
 2009-05-01 -97.0167 18.8167 19.35635 
 2009-06-01 -97.0167 18.8167 19.77358 
 2009-07-01 -97.0167 18.8167 19.29556 
 2009-08-01 -97.0167 18.8167 19.04092 
 2009-09-01 -97.0167 18.8167 19.28823 
 2009-10-01 -97.0167 18.8167 19.24551 
 2009-11-01 -97.0167 18.8167   15.798 
 2009-12-01 -97.0167 18.8167 15.23696 
 2010-01-01 -97.0167 18.8167 13.15078 
 2010-02-01 -97.0167 18.8167 14.02969 
 2010-03-01 -97.0167 18.8167 15.79849 
 2010-04-01 -97.0167 18.8167 18.95669 
 2010-05-01 -97.0167 18.8167  20.2958 
 2010-06-01 -97.0167 18.8167 20.30093 
 2010-07-01 -97.0167 18.8167 19.80606 
 2010-08-01 -97.0167 18.8167 19.57534 
 2010-09-01 -97.0167 18.8167 19.32778 
 2010-10-01 -97.0167 18.8167 16.82266 
 2010-11-01 -97.0167 18.8167 15.26211 
 2010-12-01 -97.0167 18.8167 12.72598 
 2011-01-01 -97.0167 18.8167 14.59707 
 2011-02-01 -97.0167 18.8167 15.11123 
 2011-03-01 -97.0167 18.8167 17.09927 
 2011-04-01 -97.0167 18.8167 20.18228 
 2011-05-01 -97.0167 18.8167 20.51064 
 2011-06-01 -97.0167 18.8167 19.35195 
 2011-07-01 -97.0167 18.8167 19.11343 
 2011-08-01 -97.0167 18.8167 19.77065 
 2011-09-01 -97.0167 18.8167 19.18667 
 2011-10-01 -97.0167 18.8167 17.02236 
 2011-11-01 -97.0167 18.8167 15.78018 
 2011-12-01 -97.0167 18.8167 13.82144 
 2012-01-01 -97.0167 18.8167 14.56314 
 2012-02-01 -97.0167 18.8167  15.6813 
 2012-03-01 -97.0167 18.8167   16.746 
 2012-04-01 -97.0167 18.8167 17.84683 
 2012-05-01 -97.0167 18.8167 19.22598 
 2012-06-01 -97.0167 18.8167 19.32241 
 2012-07-01 -97.0167 18.8167 18.48525 
 2012-08-01 -97.0167 18.8167 19.26284 
 2012-09-01 -97.0167 18.8167 18.93814 
 2012-10-01 -97.0167 18.8167 17.80142 
 2012-11-01 -97.0167 18.8167 14.96353 
 2012-12-01 -97.0167 18.8167  14.9667 
 2013-01-01 -97.0167 18.8167 14.31631 
 2013-02-01 -97.0167 18.8167 16.24575 
 2013-03-01 -97.0167 18.8167 15.47036 
 2013-04-01 -97.0167 18.8167 18.91079 
 2013-05-01 -97.0167 18.8167 18.92861 
 2013-06-01 -97.0167 18.8167 19.63564 
 2013-07-01 -97.0167 18.8167 19.31655 
 2013-08-01 -97.0167 18.8167 19.07192 
 2013-09-01 -97.0167 18.8167 19.38052 
 2013-10-01 -97.0167 18.8167 18.87319 
 2013-11-01 -97.0167 18.8167 16.18911 
 2013-12-01 -97.0167 18.8167 15.18374 
 2014-01-01 -97.0167 18.8167 12.64272 
 2014-02-01 -97.0167 18.8167 15.75869 
 2014-03-01 -97.0167 18.8167 17.35635 
 2014-04-01 -97.0167 18.8167 18.65029 
 2014-05-01 -97.0167 18.8167 18.39028 
 2014-06-01 -97.0167 18.8167 19.81216 
 2014-07-01 -97.0167 18.8167  18.9418 
 2014-08-01 -97.0167 18.8167 19.43008 
 2014-09-01 -97.0167 18.8167 19.30825 
 2014-10-01 -97.0167 18.8167 18.16494 
 2014-11-01 -97.0167 18.8167 15.39565 
 2014-12-01 -97.0167 18.8167 14.42031 
 2015-01-01 -97.0167 18.8167 13.28066 
 2015-02-01 -97.0167 18.8167 13.99526 
 2015-03-01 -97.0167 18.8167 15.66836 
 2015-04-01 -97.0167 18.8167 19.25259 
 2015-05-01 -97.0167 18.8167 19.08926 
 2015-06-01 -97.0167 18.8167 19.10366 
 2015-07-01 -97.0167 18.8167 19.14785 
 2015-08-01 -97.0167 18.8167  19.4999 
 2015-09-01 -97.0167 18.8167  19.4523 
 2015-10-01 -97.0167 18.8167 18.97207 
 2015-11-01 -97.0167 18.8167 17.86489 
 2015-12-01 -97.0167 18.8167 16.11807 
 2016-01-01 -97.0167 18.8167 13.67666 
 2016-02-01 -97.0167 18.8167 13.55435 
 2016-03-01 -97.0167 18.8167 17.77041 
 2016-04-01 -97.0167 18.8167 19.11196 
 2016-05-01 -97.0167 18.8167  20.2648 
 2016-06-01 -97.0167 18.8167 19.54653 
 2016-07-01 -97.0167 18.8167 19.58047 
 2016-08-01 -97.0167 18.8167 19.89565 
 2016-09-01 -97.0167 18.8167 19.34365 
 2016-10-01 -97.0167 18.8167 18.21694 
 2016-11-01 -97.0167 18.8167 16.35708 
 2016-12-01 -97.0167 18.8167 16.34097 
 2017-01-01 -97.0167 18.8167 14.94277 
 2017-02-01 -97.0167 18.8167 16.18691 
 2017-03-01 -97.0167 18.8167  16.5104 
 2017-04-01 -97.0167 18.8167 18.59805 
 2017-05-01 -97.0167 18.8167 20.42251 
 2017-06-01 -97.0167 18.8167 20.13613 
 2017-07-01 -97.0167 18.8167 19.08828 
 2017-08-01 -97.0167 18.8167 20.17886 
 2017-09-01 -97.0167 18.8167 19.65835 
 2017-10-01 -97.0167 18.8167 18.27114 
 2017-11-01 -97.0167 18.8167 15.95669 
 2017-12-01 -97.0167 18.8167 13.88809 
 2018-01-01 -97.0167 18.8167 12.71035 
 2018-02-01 -97.0167 18.8167 16.11221 
 2018-03-01 -97.0167 18.8167 17.78823 
 2018-04-01 -97.0167 18.8167 18.35147 
 2018-05-01 -97.0167 18.8167  19.5668 
 2018-06-01 -97.0167 18.8167 19.76162 
 2018-07-01 -97.0167 18.8167 19.25015 
 2018-08-01 -97.0167 18.8167 19.11099 
 2018-09-01 -97.0167 18.8167  20.0104 
 2018-10-01 -97.0167 18.8167  18.7648 
 2018-11-01 -97.0167 18.8167 16.73281 
 2018-12-01 -97.0167 18.8167 14.84609 
 2019-01-01 -97.0167 18.8167 14.08193 
 2019-02-01 -97.0167 18.8167 17.20181 
 2019-03-01 -97.0167 18.8167 16.93814 
 2019-04-01 -97.0167 18.8167 18.82607 
 2019-05-01 -97.0167 18.8167 21.00674 
 2019-06-01 -97.0167 18.8167 20.49868 
 2019-07-01 -97.0167 18.8167 19.27993 
 2019-08-01 -97.0167 18.8167 20.07144 
 2019-09-01 -97.0167 18.8167 19.56118 
 2019-10-01 -97.0167 18.8167 19.35171 
 2019-11-01 -97.0167 18.8167 17.19253 
 2019-12-01 -97.0167 18.8167 15.16787 
 2020-01-01 -97.0167 18.8167 14.91641 
 2020-02-01 -97.0167 18.8167 16.11172 
 2020-03-01 -97.0167 18.8167 18.08486 
 2020-04-01 -97.0167 18.8167 21.01699 
 2020-05-01 -97.0167 18.8167 19.92813 
 2020-06-01 -97.0167 18.8167  19.9877 
 2020-07-01 -97.0167 18.8167 20.06021 
 2020-08-01 -97.0167 18.8167 19.87661 
 2020-09-01 -97.0167 18.8167 19.75088 
 2020-10-01 -97.0167 18.8167  18.5502 
 2020-11-01 -97.0167 18.8167 16.65908 
 2020-12-01 -97.0167 18.8167 14.36782 
 2021-01-01 -97.0167 18.8167 14.88442 
 2021-02-01 -97.0167 18.8167 15.43008 
 2021-03-01 -97.0167 18.8167 17.38784 
 2021-04-01 -97.0167 18.8167 19.18179 
 2021-05-01 -97.0167 18.8167 20.07876 
 2021-06-01 -97.0167 18.8167 19.71157 
 2021-07-01 -97.0167 18.8167 19.56924 
 2021-08-01 -97.0167 18.8167 19.50332 
 2021-09-01 -97.0167 18.8167 19.67886 
 2021-10-01 -97.0167 18.8167 19.06338 
 2021-11-01 -97.0167 18.8167 15.43667 
 2021-12-01 -97.0167 18.8167 15.77261 
 2022-01-01 -97.0167 18.8167 14.46987 
 2022-02-01 -97.0167 18.8167 14.24502 
 2022-03-01 -97.0167 18.8167 16.57314 
 2022-04-01 -97.0167 18.8167 19.27651 
 2022-05-01 -97.0167 18.8167 20.61416 
 2022-06-01 -97.0167 18.8167 19.19448 
 2022-07-01 -97.0167 18.8167 19.53042 
 2022-08-01 -97.0167 18.8167 19.49746 
 2022-09-01 -97.0167 18.8167 18.67251 
 2022-10-01 -97.0167 18.8167 18.35122 
 2022-11-01 -97.0167 18.8167 17.25454 
 2022-12-01 -97.0167 18.8167  14.5834 
 2023-01-01 -97.0167 18.8167 15.25332 
 2023-02-01 -97.0167 18.8167 15.74551 
 2023-03-01 -97.0167 18.8167 18.33291 
 2023-04-01 -97.0167 18.8167 18.78481 
 2023-05-01 -97.0167 18.8167 19.06753 
 2023-06-01 -97.0167 18.8167  21.2355 
 2023-07-01 -97.0167 18.8167 19.87393 
 2023-08-01 -97.0167 18.8167 20.05825 
 2023-09-01 -97.0167 18.8167 20.57119 
 2023-10-01 -97.0167 18.8167  19.3207 
 2023-11-01 -97.0167 18.8167 17.00967 
 2023-12-01 -97.0167 18.8167 14.71816 
 2024-01-01 -97.0167 18.8167 15.78433 
 2024-02-01 -97.0167 18.8167 16.13516 
 2024-03-01 -97.0167 18.8167 18.95596 
 2024-04-01 -97.0167 18.8167 19.77822 
 2024-05-01 -97.0167 18.8167 23.21768 
 2024-06-01 -97.0167 18.8167 21.31167 
 2024-07-01 -97.0167 18.8167 20.10391 
 2024-08-01 -97.0167 18.8167 19.90957 
 2024-09-01 -97.0167 18.8167 20.49209 
 2024-10-01 -97.0167 18.8167 18.09487 
 2024-11-01 -97.0167 18.8167   17.621 
 2024-12-01 -97.0167 18.8167 14.88369 
 2025-01-01 -97.0167 18.8167 14.85464 
 2025-02-01 -97.0167 18.8167 16.87295 
 2025-03-01 -97.0167 18.8167 18.51553 
 2025-04-01 -97.0167 18.8167  18.5519 
 2025-05-01 -97.0167 18.8167 20.88613 
 2025-06-01 -97.0167 18.8167 19.71255 
 2025-07-01 -97.0167 18.8167 19.48574 
 2025-08-01 -97.0167 18.8167 19.86733 
 2025-09-01 -97.0167 18.8167 19.87271 
 2025-10-01 -97.0167 18.8167 18.59854 
 2025-11-01 -97.0167 18.8167 16.54482 
 2025-12-01 -97.0167 18.8167  15.8002 
