#      date    lon    lat    value 
cdo(1) remapnn: Nearest neighbor weights from lonlat (9x9) to lonlat (1x1) grid
 1950-01-01 -97.1333 19.0533 8.285547 
 1950-02-01 -97.1333 19.0533 8.842432 
 1950-03-01 -97.1333 19.0533 11.05068 
 1950-04-01 -97.1333 19.0533 11.55508 
 1950-05-01 -97.1333 19.0533 13.38247 
 1950-06-01 -97.1333 19.0533 12.69131 
 1950-07-01 -97.1333 19.0533 12.02285 
 1950-08-01 -97.1333 19.0533 11.92349 
 1950-09-01 -97.1333 19.0533 12.90078 
 1950-10-01 -97.1333 19.0533 11.44766 
 1950-11-01 -97.1333 19.0533 8.638575 
 1950-12-01 -97.1333 19.0533 8.663233 
 1951-01-01 -97.1333 19.0533 9.245264 
 1951-02-01 -97.1333 19.0533 8.757959 
 1951-03-01 -97.1333 19.0533 11.46963 
 1951-04-01 -97.1333 19.0533 13.42715 
 1951-05-01 -97.1333 19.0533 13.38125 
 1951-06-01 -97.1333 19.0533  13.6564 
 1951-07-01 -97.1333 19.0533 12.80044 
 1951-08-01 -97.1333 19.0533 13.22378 
 1951-09-01 -97.1333 19.0533 12.85684 
 1951-10-01 -97.1333 19.0533 11.83706 
 1951-11-01 -97.1333 19.0533 10.70962 
 1951-12-01 -97.1333 19.0533 10.19961 
 1952-01-01 -97.1333 19.0533  9.73501 
 1952-02-01 -97.1333 19.0533 10.72866 
 1952-03-01 -97.1333 19.0533 13.93862 
 1952-04-01 -97.1333 19.0533 12.84023 
 1952-05-01 -97.1333 19.0533 12.91006 
 1952-06-01 -97.1333 19.0533 12.76187 
 1952-07-01 -97.1333 19.0533 11.76016 
 1952-08-01 -97.1333 19.0533 12.29605 
 1952-09-01 -97.1333 19.0533 12.44399 
 1952-10-01 -97.1333 19.0533 9.330469 
 1952-11-01 -97.1333 19.0533 10.13711 
 1952-12-01 -97.1333 19.0533 8.678858 
 1953-01-01 -97.1333 19.0533 8.279688 
 1953-02-01 -97.1333 19.0533 10.45718 
 1953-03-01 -97.1333 19.0533 11.65762 
 1953-04-01 -97.1333 19.0533 13.93643 
 1953-05-01 -97.1333 19.0533 13.81973 
 1953-06-01 -97.1333 19.0533 13.08511 
 1953-07-01 -97.1333 19.0533 12.01577 
 1953-08-01 -97.1333 19.0533 12.59072 
 1953-09-01 -97.1333 19.0533 12.22183 
 1953-10-01 -97.1333 19.0533 11.31899 
 1953-11-01 -97.1333 19.0533 9.224024 
 1953-12-01 -97.1333 19.0533 8.832178 
 1954-01-01 -97.1333 19.0533  8.76919 
 1954-02-01 -97.1333 19.0533 9.170557 
 1954-03-01 -97.1333 19.0533 11.76919 
 1954-04-01 -97.1333 19.0533 11.37051 
 1954-05-01 -97.1333 19.0533 12.66714 
 1954-06-01 -97.1333 19.0533 12.74429 
 1954-07-01 -97.1333 19.0533 11.57949 
 1954-08-01 -97.1333 19.0533 11.96328 
 1954-09-01 -97.1333 19.0533 12.15811 
 1954-10-01 -97.1333 19.0533 10.80703 
 1954-11-01 -97.1333 19.0533 9.164698 
 1954-12-01 -97.1333 19.0533 7.832666 
 1955-01-01 -97.1333 19.0533 8.690821 
 1955-02-01 -97.1333 19.0533 8.959864 
 1955-03-01 -97.1333 19.0533 11.16714 
 1955-04-01 -97.1333 19.0533 13.89346 
 1955-05-01 -97.1333 19.0533 13.22744 
 1955-06-01 -97.1333 19.0533 12.67446 
 1955-07-01 -97.1333 19.0533  11.7355 
 1955-08-01 -97.1333 19.0533 12.24014 
 1955-09-01 -97.1333 19.0533 12.38735 
 1955-10-01 -97.1333 19.0533 10.59585 
 1955-11-01 -97.1333 19.0533 10.17275 
 1955-12-01 -97.1333 19.0533 8.165918 
 1956-01-01 -97.1333 19.0533 6.712549 
 1956-02-01 -97.1333 19.0533 10.43545 
 1956-03-01 -97.1333 19.0533 11.37686 
 1956-04-01 -97.1333 19.0533 13.14004 
 1956-05-01 -97.1333 19.0533 11.58682 
 1956-06-01 -97.1333 19.0533 11.34927 
 1956-07-01 -97.1333 19.0533  11.1686 
 1956-08-01 -97.1333 19.0533 11.97402 
 1956-09-01 -97.1333 19.0533 11.38174 
 1956-10-01 -97.1333 19.0533 10.77261 
 1956-11-01 -97.1333 19.0533 9.140772 
 1956-12-01 -97.1333 19.0533  8.31875 
 1957-01-01 -97.1333 19.0533 8.539209 
 1957-02-01 -97.1333 19.0533 9.467676 
 1957-03-01 -97.1333 19.0533 11.94473 
 1957-04-01 -97.1333 19.0533 12.90298 
 1957-05-01 -97.1333 19.0533 13.67153 
 1957-06-01 -97.1333 19.0533 13.52212 
 1957-07-01 -97.1333 19.0533 12.07803 
 1957-08-01 -97.1333 19.0533 12.28774 
 1957-09-01 -97.1333 19.0533 12.38247 
 1957-10-01 -97.1333 19.0533 10.91104 
 1957-11-01 -97.1333 19.0533 11.51772 
 1957-12-01 -97.1333 19.0533  8.57461 
 1958-01-01 -97.1333 19.0533 7.985254 
 1958-02-01 -97.1333 19.0533 9.225245 
 1958-03-01 -97.1333 19.0533 13.50381 
 1958-04-01 -97.1333 19.0533 14.69888 
 1958-05-01 -97.1333 19.0533 12.39492 
 1958-06-01 -97.1333 19.0533 13.16689 
 1958-07-01 -97.1333 19.0533 12.12856 
 1958-08-01 -97.1333 19.0533  12.6354 
 1958-09-01 -97.1333 19.0533 12.80752 
 1958-10-01 -97.1333 19.0533 11.85928 
 1958-11-01 -97.1333 19.0533 10.57412 
 1958-12-01 -97.1333 19.0533 8.792383 
 1959-01-01 -97.1333 19.0533 8.808252 
 1959-02-01 -97.1333 19.0533 10.75161 
 1959-03-01 -97.1333 19.0533 12.36807 
 1959-04-01 -97.1333 19.0533 12.12197 
 1959-05-01 -97.1333 19.0533 12.74038 
 1959-06-01 -97.1333 19.0533 13.09268 
 1959-07-01 -97.1333 19.0533 11.74502 
 1959-08-01 -97.1333 19.0533 12.21523 
 1959-09-01 -97.1333 19.0533 12.35415 
 1959-10-01 -97.1333 19.0533 12.36563 
 1959-11-01 -97.1333 19.0533 9.735498 
 1959-12-01 -97.1333 19.0533 9.435205 
 1960-01-01 -97.1333 19.0533 9.570704 
 1960-02-01 -97.1333 19.0533  10.2936 
 1960-03-01 -97.1333 19.0533 11.59902 
 1960-04-01 -97.1333 19.0533 12.30532 
 1960-05-01 -97.1333 19.0533 13.33511 
 1960-06-01 -97.1333 19.0533 13.13052 
 1960-07-01 -97.1333 19.0533 12.18447 
 1960-08-01 -97.1333 19.0533 12.39956 
 1960-09-01 -97.1333 19.0533 11.73721 
 1960-10-01 -97.1333 19.0533  12.0917 
 1960-11-01 -97.1333 19.0533  10.0187 
 1960-12-01 -97.1333 19.0533 8.342432 
 1961-01-01 -97.1333 19.0533 8.641016 
 1961-02-01 -97.1333 19.0533 9.827784 
 1961-03-01 -97.1333 19.0533 11.96621 
 1961-04-01 -97.1333 19.0533 13.56631 
 1961-05-01 -97.1333 19.0533 13.55313 
 1961-06-01 -97.1333 19.0533 12.58755 
 1961-07-01 -97.1333 19.0533 11.54116 
 1961-08-01 -97.1333 19.0533 11.79141 
 1961-09-01 -97.1333 19.0533 11.95962 
 1961-10-01 -97.1333 19.0533 10.92861 
 1961-11-01 -97.1333 19.0533 10.18057 
 1961-12-01 -97.1333 19.0533  9.10708 
 1962-01-01 -97.1333 19.0533 8.182276 
 1962-02-01 -97.1333 19.0533 11.22012 
 1962-03-01 -97.1333 19.0533  12.1686 
 1962-04-01 -97.1333 19.0533 11.46304 
 1962-05-01 -97.1333 19.0533 12.51528 
 1962-06-01 -97.1333 19.0533 13.05581 
 1962-07-01 -97.1333 19.0533 11.96719 
 1962-08-01 -97.1333 19.0533 12.64761 
 1962-09-01 -97.1333 19.0533 12.53652 
 1962-10-01 -97.1333 19.0533 11.87197 
 1962-11-01 -97.1333 19.0533 9.564356 
 1962-12-01 -97.1333 19.0533 9.335352 
 1963-01-01 -97.1333 19.0533 9.680323 
 1963-02-01 -97.1333 19.0533 9.258204 
 1963-03-01 -97.1333 19.0533 11.88833 
 1963-04-01 -97.1333 19.0533 13.29165 
 1963-05-01 -97.1333 19.0533 12.50967 
 1963-06-01 -97.1333 19.0533 13.23818 
 1963-07-01 -97.1333 19.0533 12.14663 
 1963-08-01 -97.1333 19.0533 12.28677 
 1963-09-01 -97.1333 19.0533 12.17593 
 1963-10-01 -97.1333 19.0533  10.6625 
 1963-11-01 -97.1333 19.0533 9.913721 
 1963-12-01 -97.1333 19.0533 8.320704 
 1964-01-01 -97.1333 19.0533 8.774073 
 1964-02-01 -97.1333 19.0533 11.29873 
 1964-03-01 -97.1333 19.0533 12.55752 
 1964-04-01 -97.1333 19.0533 13.41104 
 1964-05-01 -97.1333 19.0533 13.15249 
 1964-06-01 -97.1333 19.0533 12.40591 
 1964-07-01 -97.1333 19.0533 11.93472 
 1964-08-01 -97.1333 19.0533 12.43325 
 1964-09-01 -97.1333 19.0533 12.47256 
 1964-10-01 -97.1333 19.0533 10.19937 
 1964-11-01 -97.1333 19.0533 10.01968 
 1964-12-01 -97.1333 19.0533 8.456934 
 1965-01-01 -97.1333 19.0533 7.833398 
 1965-02-01 -97.1333 19.0533 9.337793 
 1965-03-01 -97.1333 19.0533  11.8981 
 1965-04-01 -97.1333 19.0533 12.61538 
 1965-05-01 -97.1333 19.0533 13.33047 
 1965-06-01 -97.1333 19.0533 12.67886 
 1965-07-01 -97.1333 19.0533 11.34902 
 1965-08-01 -97.1333 19.0533 11.63711 
 1965-09-01 -97.1333 19.0533 12.37808 
 1965-10-01 -97.1333 19.0533  10.8561 
 1965-11-01 -97.1333 19.0533 10.45425 
 1965-12-01 -97.1333 19.0533 9.859522 
 1966-01-01 -97.1333 19.0533 8.419092 
 1966-02-01 -97.1333 19.0533 9.433985 
 1966-03-01 -97.1333 19.0533 9.743067 
 1966-04-01 -97.1333 19.0533 12.57314 
 1966-05-01 -97.1333 19.0533 13.07217 
 1966-06-01 -97.1333 19.0533 12.86904 
 1966-07-01 -97.1333 19.0533 12.70547 
 1966-08-01 -97.1333 19.0533 12.59316 
 1966-09-01 -97.1333 19.0533 12.44351 
 1966-10-01 -97.1333 19.0533 11.45303 
 1966-11-01 -97.1333 19.0533 8.519678 
 1966-12-01 -97.1333 19.0533 8.214746 
 1967-01-01 -97.1333 19.0533 8.414209 
 1967-02-01 -97.1333 19.0533 9.676172 
 1967-03-01 -97.1333 19.0533 10.60855 
 1967-04-01 -97.1333 19.0533 12.33242 
 1967-05-01 -97.1333 19.0533  13.3876 
 1967-06-01 -97.1333 19.0533 13.40005 
 1967-07-01 -97.1333 19.0533 11.97695 
 1967-08-01 -97.1333 19.0533 12.50015 
 1967-09-01 -97.1333 19.0533  12.4042 
 1967-10-01 -97.1333 19.0533 11.15469 
 1967-11-01 -97.1333 19.0533  10.1332 
 1967-12-01 -97.1333 19.0533 10.16934 
 1968-01-01 -97.1333 19.0533 8.553614 
 1968-02-01 -97.1333 19.0533 8.402979 
 1968-03-01 -97.1333 19.0533 10.19741 
 1968-04-01 -97.1333 19.0533 12.60147 
 1968-05-01 -97.1333 19.0533 13.26846 
 1968-06-01 -97.1333 19.0533 13.18618 
 1968-07-01 -97.1333 19.0533 12.12612 
 1968-08-01 -97.1333 19.0533 12.30996 
 1968-09-01 -97.1333 19.0533  12.8583 
 1968-10-01 -97.1333 19.0533 11.85757 
 1968-11-01 -97.1333 19.0533 10.82778 
 1968-12-01 -97.1333 19.0533 9.854151 
 1969-01-01 -97.1333 19.0533 9.688868 
 1969-02-01 -97.1333 19.0533 11.53579 
 1969-03-01 -97.1333 19.0533  12.2792 
 1969-04-01 -97.1333 19.0533   14.048 
 1969-05-01 -97.1333 19.0533 14.30215 
 1969-06-01 -97.1333 19.0533 15.06509 
 1969-07-01 -97.1333 19.0533 13.26553 
 1969-08-01 -97.1333 19.0533 13.09487 
 1969-09-01 -97.1333 19.0533 12.84097 
 1969-10-01 -97.1333 19.0533 12.52676 
 1969-11-01 -97.1333 19.0533 10.24844 
 1969-12-01 -97.1333 19.0533 9.998682 
 1970-01-01 -97.1333 19.0533 9.272608 
 1970-02-01 -97.1333 19.0533 9.147852 
 1970-03-01 -97.1333 19.0533 12.64346 
 1970-04-01 -97.1333 19.0533 14.87148 
 1970-05-01 -97.1333 19.0533 13.04092 
 1970-06-01 -97.1333 19.0533 13.16763 
 1970-07-01 -97.1333 19.0533 12.44033 
 1970-08-01 -97.1333 19.0533 13.35855 
 1970-09-01 -97.1333 19.0533 12.91641 
 1970-10-01 -97.1333 19.0533 12.61563 
 1970-11-01 -97.1333 19.0533 9.310694 
 1970-12-01 -97.1333 19.0533 9.587061 
 1971-01-01 -97.1333 19.0533 10.10635 
 1971-02-01 -97.1333 19.0533 9.988184 
 1971-03-01 -97.1333 19.0533 11.44912 
 1971-04-01 -97.1333 19.0533 11.91177 
 1971-05-01 -97.1333 19.0533 13.62954 
 1971-06-01 -97.1333 19.0533  12.5856 
 1971-07-01 -97.1333 19.0533 11.72549 
 1971-08-01 -97.1333 19.0533  12.1022 
 1971-09-01 -97.1333 19.0533 13.00186 
 1971-10-01 -97.1333 19.0533 12.50772 
 1971-11-01 -97.1333 19.0533  10.8561 
 1971-12-01 -97.1333 19.0533 9.709864 
 1972-01-01 -97.1333 19.0533  9.47793 
 1972-02-01 -97.1333 19.0533 9.113428 
 1972-03-01 -97.1333 19.0533 11.31777 
 1972-04-01 -97.1333 19.0533  13.2897 
 1972-05-01 -97.1333 19.0533 13.84023 
 1972-06-01 -97.1333 19.0533 13.58169 
 1972-07-01 -97.1333 19.0533 12.24697 
 1972-08-01 -97.1333 19.0533 12.14443 
 1972-09-01 -97.1333 19.0533 12.58608 
 1972-10-01 -97.1333 19.0533 12.34194 
 1972-11-01 -97.1333 19.0533 12.49722 
 1972-12-01 -97.1333 19.0533 9.663233 
 1973-01-01 -97.1333 19.0533 9.838282 
 1973-02-01 -97.1333 19.0533 10.68862 
 1973-03-01 -97.1333 19.0533 14.61172 
 1973-04-01 -97.1333 19.0533 13.72744 
 1973-05-01 -97.1333 19.0533 13.98623 
 1973-06-01 -97.1333 19.0533 13.38516 
 1973-07-01 -97.1333 19.0533 12.79116 
 1973-08-01 -97.1333 19.0533 12.84902 
 1973-09-01 -97.1333 19.0533 13.17105 
 1973-10-01 -97.1333 19.0533 11.96377 
 1973-11-01 -97.1333 19.0533 10.86489 
 1973-12-01 -97.1333 19.0533 8.442286 
 1974-01-01 -97.1333 19.0533 9.482569 
 1974-02-01 -97.1333 19.0533 9.719873 
 1974-03-01 -97.1333 19.0533 11.25747 
 1974-04-01 -97.1333 19.0533 12.04189 
 1974-05-01 -97.1333 19.0533 13.48965 
 1974-06-01 -97.1333 19.0533 12.88955 
 1974-07-01 -97.1333 19.0533 12.10439 
 1974-08-01 -97.1333 19.0533 12.64492 
 1974-09-01 -97.1333 19.0533 12.71743 
 1974-10-01 -97.1333 19.0533 10.93838 
 1974-11-01 -97.1333 19.0533 9.924219 
 1974-12-01 -97.1333 19.0533 10.07388 
 1975-01-01 -97.1333 19.0533 8.713282 
 1975-02-01 -97.1333 19.0533 10.78481 
 1975-03-01 -97.1333 19.0533 13.22622 
 1975-04-01 -97.1333 19.0533  14.2604 
 1975-05-01 -97.1333 19.0533 13.67105 
 1975-06-01 -97.1333 19.0533 13.34146 
 1975-07-01 -97.1333 19.0533 12.22378 
 1975-08-01 -97.1333 19.0533 12.78018 
 1975-09-01 -97.1333 19.0533 12.46792 
 1975-10-01 -97.1333 19.0533 11.88345 
 1975-11-01 -97.1333 19.0533 10.66274 
 1975-12-01 -97.1333 19.0533 8.860743 
 1976-01-01 -97.1333 19.0533 8.025537 
 1976-02-01 -97.1333 19.0533 8.653711 
 1976-03-01 -97.1333 19.0533 12.25356 
 1976-04-01 -97.1333 19.0533 12.53115 
 1976-05-01 -97.1333 19.0533 12.93569 
 1976-06-01 -97.1333 19.0533 13.24673 
 1976-07-01 -97.1333 19.0533 12.88735 
 1976-08-01 -97.1333 19.0533 12.37222 
 1976-09-01 -97.1333 19.0533  13.2875 
 1976-10-01 -97.1333 19.0533 12.52358 
 1976-11-01 -97.1333 19.0533 9.952784 
 1976-12-01 -97.1333 19.0533 9.532862 
 1977-01-01 -97.1333 19.0533 9.847315 
 1977-02-01 -97.1333 19.0533 9.854883 
 1977-03-01 -97.1333 19.0533 13.23086 
 1977-04-01 -97.1333 19.0533 11.60122 
 1977-05-01 -97.1333 19.0533 13.75088 
 1977-06-01 -97.1333 19.0533 13.13394 
 1977-07-01 -97.1333 19.0533 12.48501 
 1977-08-01 -97.1333 19.0533 13.58633 
 1977-09-01 -97.1333 19.0533 13.71792 
 1977-10-01 -97.1333 19.0533 13.05337 
 1977-11-01 -97.1333 19.0533 11.58633 
 1977-12-01 -97.1333 19.0533 10.69082 
 1978-01-01 -97.1333 19.0533 9.663965 
 1978-02-01 -97.1333 19.0533 9.692041 
 1978-03-01 -97.1333 19.0533 11.58071 
 1978-04-01 -97.1333 19.0533 14.04067 
 1978-05-01 -97.1333 19.0533 14.67935 
 1978-06-01 -97.1333 19.0533 13.70254 
 1978-07-01 -97.1333 19.0533 13.25234 
 1978-08-01 -97.1333 19.0533 13.53066 
 1978-09-01 -97.1333 19.0533 13.55996 
 1978-10-01 -97.1333 19.0533 12.19692 
 1978-11-01 -97.1333 19.0533 11.98452 
 1978-12-01 -97.1333 19.0533 10.72036 
 1979-01-01 -97.1333 19.0533 9.903223 
 1979-02-01 -97.1333 19.0533 10.81753 
 1979-03-01 -97.1333 19.0533 12.82412 
 1979-04-01 -97.1333 19.0533 14.18179 
 1979-05-01 -97.1333 19.0533 14.32217 
 1979-06-01 -97.1333 19.0533  13.7394 
 1979-07-01 -97.1333 19.0533 13.91201 
 1979-08-01 -97.1333 19.0533 12.93398 
 1979-09-01 -97.1333 19.0533 13.28262 
 1979-10-01 -97.1333 19.0533 13.24185 
 1979-11-01 -97.1333 19.0533 10.57925 
 1979-12-01 -97.1333 19.0533 10.26699 
 1980-01-01 -97.1333 19.0533 10.34341 
 1980-02-01 -97.1333 19.0533 10.57217 
 1980-03-01 -97.1333 19.0533 13.27407 
 1980-04-01 -97.1333 19.0533 13.31118 
 1980-05-01 -97.1333 19.0533 15.22427 
 1980-06-01 -97.1333 19.0533 13.88931 
 1980-07-01 -97.1333 19.0533  13.9501 
 1980-08-01 -97.1333 19.0533 14.27749 
 1980-09-01 -97.1333 19.0533 13.88394 
 1980-10-01 -97.1333 19.0533   12.829 
 1980-11-01 -97.1333 19.0533 10.87979 
 1980-12-01 -97.1333 19.0533 9.327539 
 1981-01-01 -97.1333 19.0533 8.613672 
 1981-02-01 -97.1333 19.0533  10.0231 
 1981-03-01 -97.1333 19.0533 12.75088 
 1981-04-01 -97.1333 19.0533  13.1918 
 1981-05-01 -97.1333 19.0533  14.8478 
 1981-06-01 -97.1333 19.0533 14.73989 
 1981-07-01 -97.1333 19.0533 13.71231 
 1981-08-01 -97.1333 19.0533 13.93447 
 1981-09-01 -97.1333 19.0533 13.74575 
 1981-10-01 -97.1333 19.0533 13.30874 
 1981-11-01 -97.1333 19.0533 10.92031 
 1981-12-01 -97.1333 19.0533 10.80532 
 1982-01-01 -97.1333 19.0533 11.28018 
 1982-02-01 -97.1333 19.0533 10.99356 
 1982-03-01 -97.1333 19.0533 12.80459 
 1982-04-01 -97.1333 19.0533 14.68569 
 1982-05-01 -97.1333 19.0533 15.01064 
 1982-06-01 -97.1333 19.0533 14.88687 
 1982-07-01 -97.1333 19.0533 12.87344 
 1982-08-01 -97.1333 19.0533 13.07241 
 1982-09-01 -97.1333 19.0533 13.50405 
 1982-10-01 -97.1333 19.0533 12.31924 
 1982-11-01 -97.1333 19.0533 10.88125 
 1982-12-01 -97.1333 19.0533 9.780664 
 1983-01-01 -97.1333 19.0533 8.912745 
 1983-02-01 -97.1333 19.0533 9.847071 
 1983-03-01 -97.1333 19.0533 12.16152 
 1983-04-01 -97.1333 19.0533 14.51187 
 1983-05-01 -97.1333 19.0533 16.18643 
 1983-06-01 -97.1333 19.0533 15.41885 
 1983-07-01 -97.1333 19.0533 13.59609 
 1983-08-01 -97.1333 19.0533 13.79556 
 1983-09-01 -97.1333 19.0533 13.83047 
 1983-10-01 -97.1333 19.0533 12.33926 
 1983-11-01 -97.1333 19.0533  12.0856 
 1983-12-01 -97.1333 19.0533  10.2377 
 1984-01-01 -97.1333 19.0533 9.109278 
 1984-02-01 -97.1333 19.0533 10.28848 
 1984-03-01 -97.1333 19.0533 12.59683 
 1984-04-01 -97.1333 19.0533 15.10171 
 1984-05-01 -97.1333 19.0533 13.48208 
 1984-06-01 -97.1333 19.0533 13.73403 
 1984-07-01 -97.1333 19.0533 13.14663 
 1984-08-01 -97.1333 19.0533 13.02554 
 1984-09-01 -97.1333 19.0533  13.1437 
 1984-10-01 -97.1333 19.0533 13.25186 
 1984-11-01 -97.1333 19.0533 10.69766 
 1984-12-01 -97.1333 19.0533 9.850245 
 1985-01-01 -97.1333 19.0533 9.386377 
 1985-02-01 -97.1333 19.0533 10.01235 
 1985-03-01 -97.1333 19.0533 11.95986 
 1985-04-01 -97.1333 19.0533 12.78457 
 1985-05-01 -97.1333 19.0533 14.07974 
 1985-06-01 -97.1333 19.0533 14.11221 
 1985-07-01 -97.1333 19.0533 13.15542 
 1985-08-01 -97.1333 19.0533 13.59121 
 1985-09-01 -97.1333 19.0533 13.07681 
 1985-10-01 -97.1333 19.0533 12.32314 
 1985-11-01 -97.1333 19.0533  11.1752 
 1985-12-01 -97.1333 19.0533 9.745752 
 1986-01-01 -97.1333 19.0533  8.17837 
 1986-02-01 -97.1333 19.0533 10.67642 
 1986-03-01 -97.1333 19.0533 10.44106 
 1986-04-01 -97.1333 19.0533 13.45107 
 1986-05-01 -97.1333 19.0533 14.24673 
 1986-06-01 -97.1333 19.0533 13.95718 
 1986-07-01 -97.1333 19.0533 12.51089 
 1986-08-01 -97.1333 19.0533 13.50698 
 1986-09-01 -97.1333 19.0533 13.40249 
 1986-10-01 -97.1333 19.0533  12.7189 
 1986-11-01 -97.1333 19.0533 12.24526 
 1986-12-01 -97.1333 19.0533 10.25161 
 1987-01-01 -97.1333 19.0533 9.957666 
 1987-02-01 -97.1333 19.0533 11.53604 
 1987-03-01 -97.1333 19.0533 12.41323 
 1987-04-01 -97.1333 19.0533 12.64517 
 1987-05-01 -97.1333 19.0533 13.75527 
 1987-06-01 -97.1333 19.0533 14.50161 
 1987-07-01 -97.1333 19.0533 13.71865 
 1987-08-01 -97.1333 19.0533 13.97012 
 1987-09-01 -97.1333 19.0533 14.66226 
 1987-10-01 -97.1333 19.0533 11.43814 
 1987-11-01 -97.1333 19.0533 11.37881 
 1987-12-01 -97.1333 19.0533 11.69961 
 1988-01-01 -97.1333 19.0533 9.080713 
 1988-02-01 -97.1333 19.0533 10.60391 
 1988-03-01 -97.1333 19.0533  12.0458 
 1988-04-01 -97.1333 19.0533  14.3749 
 1988-05-01 -97.1333 19.0533 14.62344 
 1988-06-01 -97.1333 19.0533 14.02749 
 1988-07-01 -97.1333 19.0533 13.82144 
 1988-08-01 -97.1333 19.0533 13.99453 
 1988-09-01 -97.1333 19.0533 13.83242 
 1988-10-01 -97.1333 19.0533 12.08486 
 1988-11-01 -97.1333 19.0533 11.79507 
 1988-12-01 -97.1333 19.0533 9.768457 
 1989-01-01 -97.1333 19.0533 10.29458 
 1989-02-01 -97.1333 19.0533 9.742334 
 1989-03-01 -97.1333 19.0533 11.08389 
 1989-04-01 -97.1333 19.0533 12.18789 
 1989-05-01 -97.1333 19.0533 13.89736 
 1989-06-01 -97.1333 19.0533  14.1127 
 1989-07-01 -97.1333 19.0533 13.47988 
 1989-08-01 -97.1333 19.0533 13.85049 
 1989-09-01 -97.1333 19.0533 13.26187 
 1989-10-01 -97.1333 19.0533 12.21621 
 1989-11-01 -97.1333 19.0533 11.83315 
 1989-12-01 -97.1333 19.0533 9.637598 
 1990-01-01 -97.1333 19.0533 10.23477 
 1990-02-01 -97.1333 19.0533 10.58584 
 1990-03-01 -97.1333 19.0533 11.80239 
 1990-04-01 -97.1333 19.0533 13.30532 
 1990-05-01 -97.1333 19.0533 14.81021 
 1990-06-01 -97.1333 19.0533 13.90933 
 1990-07-01 -97.1333 19.0533 13.68228 
 1990-08-01 -97.1333 19.0533  13.5353 
 1990-09-01 -97.1333 19.0533 13.82388 
 1990-10-01 -97.1333 19.0533  12.8749 
 1990-11-01 -97.1333 19.0533 11.62271 
 1990-12-01 -97.1333 19.0533 9.936914 
 1991-01-01 -97.1333 19.0533 10.73208 
 1991-02-01 -97.1333 19.0533  11.0519 
 1991-03-01 -97.1333 19.0533 14.48818 
 1991-04-01 -97.1333 19.0533 14.79775 
 1991-05-01 -97.1333 19.0533 14.57095 
 1991-06-01 -97.1333 19.0533 14.41397 
 1991-07-01 -97.1333 19.0533 13.25723 
 1991-08-01 -97.1333 19.0533 13.63174 
 1991-09-01 -97.1333 19.0533 13.32363 
 1991-10-01 -97.1333 19.0533 12.72891 
 1991-11-01 -97.1333 19.0533 10.44155 
 1991-12-01 -97.1333 19.0533 9.909571 
 1992-01-01 -97.1333 19.0533 9.662012 
 1992-02-01 -97.1333 19.0533 10.50503 
 1992-03-01 -97.1333 19.0533 13.49673 
 1992-04-01 -97.1333 19.0533 13.16226 
 1992-05-01 -97.1333 19.0533 13.02236 
 1992-06-01 -97.1333 19.0533 15.11709 
 1992-07-01 -97.1333 19.0533  13.3207 
 1992-08-01 -97.1333 19.0533 13.33096 
 1992-09-01 -97.1333 19.0533 13.08242 
 1992-10-01 -97.1333 19.0533 12.78262 
 1992-11-01 -97.1333 19.0533 11.85024 
 1992-12-01 -97.1333 19.0533 10.60781 
 1993-01-01 -97.1333 19.0533 10.43643 
 1993-02-01 -97.1333 19.0533 11.29409 
 1993-03-01 -97.1333 19.0533 12.10122 
 1993-04-01 -97.1333 19.0533 13.90396 
 1993-05-01 -97.1333 19.0533 13.87783 
 1993-06-01 -97.1333 19.0533 14.56484 
 1993-07-01 -97.1333 19.0533 13.60659 
 1993-08-01 -97.1333 19.0533 13.16592 
 1993-09-01 -97.1333 19.0533 13.23477 
 1993-10-01 -97.1333 19.0533 13.16665 
 1993-11-01 -97.1333 19.0533 11.35708 
 1993-12-01 -97.1333 19.0533 10.42935 
 1994-01-01 -97.1333 19.0533 9.888819 
 1994-02-01 -97.1333 19.0533 11.09097 
 1994-03-01 -97.1333 19.0533 12.86636 
 1994-04-01 -97.1333 19.0533  13.4335 
 1994-05-01 -97.1333 19.0533 14.45327 
 1994-06-01 -97.1333 19.0533 13.78457 
 1994-07-01 -97.1333 19.0533 13.23086 
 1994-08-01 -97.1333 19.0533 13.67178 
 1994-09-01 -97.1333 19.0533 13.47354 
 1994-10-01 -97.1333 19.0533 13.62393 
 1994-11-01 -97.1333 19.0533 12.29019 
 1994-12-01 -97.1333 19.0533 11.21157 
 1995-01-01 -97.1333 19.0533 10.96816 
 1995-02-01 -97.1333 19.0533 11.65835 
 1995-03-01 -97.1333 19.0533 12.68301 
 1995-04-01 -97.1333 19.0533 14.72354 
 1995-05-01 -97.1333 19.0533 15.40273 
 1995-06-01 -97.1333 19.0533 14.93545 
 1995-07-01 -97.1333 19.0533 13.76528 
 1995-08-01 -97.1333 19.0533 14.39321 
 1995-09-01 -97.1333 19.0533   14.048 
 1995-10-01 -97.1333 19.0533 13.27481 
 1995-11-01 -97.1333 19.0533 11.81191 
 1995-12-01 -97.1333 19.0533 10.56069 
 1996-01-01 -97.1333 19.0533 9.481836 
 1996-02-01 -97.1333 19.0533 10.94351 
 1996-03-01 -97.1333 19.0533  11.8605 
 1996-04-01 -97.1333 19.0533 13.56851 
 1996-05-01 -97.1333 19.0533 14.59878 
 1996-06-01 -97.1333 19.0533  13.9042 
 1996-07-01 -97.1333 19.0533  13.8334 
 1996-08-01 -97.1333 19.0533 13.57998 
 1996-09-01 -97.1333 19.0533 14.70156 
 1996-10-01 -97.1333 19.0533 13.33657 
 1996-11-01 -97.1333 19.0533 10.44155 
 1996-12-01 -97.1333 19.0533  10.3229 
 1997-01-01 -97.1333 19.0533 9.467432 
 1997-02-01 -97.1333 19.0533 10.78677 
 1997-03-01 -97.1333 19.0533 12.10073 
 1997-04-01 -97.1333 19.0533 13.36489 
 1997-05-01 -97.1333 19.0533 13.42471 
 1997-06-01 -97.1333 19.0533  14.7228 
 1997-07-01 -97.1333 19.0533 13.72476 
 1997-08-01 -97.1333 19.0533 13.37686 
 1997-09-01 -97.1333 19.0533 13.72402 
 1997-10-01 -97.1333 19.0533 13.12344 
 1997-11-01 -97.1333 19.0533 11.92495 
 1997-12-01 -97.1333 19.0533  10.7416 
 1998-01-01 -97.1333 19.0533  10.1603 
 1998-02-01 -97.1333 19.0533 11.15566 
 1998-03-01 -97.1333 19.0533 13.30142 
 1998-04-01 -97.1333 19.0533 16.14272 
 1998-05-01 -97.1333 19.0533 16.26089 
 1998-06-01 -97.1333 19.0533 15.22891 
 1998-07-01 -97.1333 19.0533 13.74038 
 1998-08-01 -97.1333 19.0533 14.11196 
 1998-09-01 -97.1333 19.0533 14.91519 
 1998-10-01 -97.1333 19.0533 13.37295 
 1998-11-01 -97.1333 19.0533 12.31875 
 1998-12-01 -97.1333 19.0533 10.30142 
 1999-01-01 -97.1333 19.0533 9.405909 
 1999-02-01 -97.1333 19.0533 10.55776 
 1999-03-01 -97.1333 19.0533 12.34658 
 1999-04-01 -97.1333 19.0533 14.22402 
 1999-05-01 -97.1333 19.0533 13.94399 
 1999-06-01 -97.1333 19.0533 14.31924 
 1999-07-01 -97.1333 19.0533 13.24697 
 1999-08-01 -97.1333 19.0533 13.92275 
 1999-09-01 -97.1333 19.0533 13.49282 
 1999-10-01 -97.1333 19.0533 11.96719 
 1999-11-01 -97.1333 19.0533 9.827784 
 1999-12-01 -97.1333 19.0533 9.099756 
 2000-01-01 -97.1333 19.0533 9.580469 
 2000-02-01 -97.1333 19.0533  10.6398 
 2000-03-01 -97.1333 19.0533 12.93447 
 2000-04-01 -97.1333 19.0533 13.17007 
 2000-05-01 -97.1333 19.0533 13.80898 
 2000-06-01 -97.1333 19.0533 13.76577 
 2000-07-01 -97.1333 19.0533 13.14248 
 2000-08-01 -97.1333 19.0533 13.16494 
 2000-09-01 -97.1333 19.0533 13.64443 
 2000-10-01 -97.1333 19.0533 12.36587 
 2000-11-01 -97.1333 19.0533 12.12661 
 2000-12-01 -97.1333 19.0533 8.925684 
 2001-01-01 -97.1333 19.0533  9.58584 
 2001-02-01 -97.1333 19.0533 10.29605 
 2001-03-01 -97.1333 19.0533 11.94204 
 2001-04-01 -97.1333 19.0533 13.65835 
 2001-05-01 -97.1333 19.0533 13.78921 
 2001-06-01 -97.1333 19.0533  13.3168 
 2001-07-01 -97.1333 19.0533 13.32632 
 2001-08-01 -97.1333 19.0533 13.23232 
 2001-09-01 -97.1333 19.0533  13.6437 
 2001-10-01 -97.1333 19.0533 12.25137 
 2001-11-01 -97.1333 19.0533 10.40566 
 2001-12-01 -97.1333 19.0533 9.984522 
 2002-01-01 -97.1333 19.0533 9.975977 
 2002-02-01 -97.1333 19.0533 10.17324 
 2002-03-01 -97.1333 19.0533 12.38784 
 2002-04-01 -97.1333 19.0533 13.02236 
 2002-05-01 -97.1333 19.0533 13.80459 
 2002-06-01 -97.1333 19.0533  14.2377 
 2002-07-01 -97.1333 19.0533    13.35 
 2002-08-01 -97.1333 19.0533 13.28189 
 2002-09-01 -97.1333 19.0533 14.25112 
 2002-10-01 -97.1333 19.0533  13.5585 
 2002-11-01 -97.1333 19.0533 10.74648 
 2002-12-01 -97.1333 19.0533 9.933985 
 2003-01-01 -97.1333 19.0533 8.980616 
 2003-02-01 -97.1333 19.0533 11.72671 
 2003-03-01 -97.1333 19.0533 13.30703 
 2003-04-01 -97.1333 19.0533 14.38857 
 2003-05-01 -97.1333 19.0533 15.11001 
 2003-06-01 -97.1333 19.0533 14.74185 
 2003-07-01 -97.1333 19.0533 13.43008 
 2003-08-01 -97.1333 19.0533 13.39419 
 2003-09-01 -97.1333 19.0533 14.03433 
 2003-10-01 -97.1333 19.0533 13.48013 
 2003-11-01 -97.1333 19.0533 11.43154 
 2003-12-01 -97.1333 19.0533 8.434473 
 2004-01-01 -97.1333 19.0533 9.086573 
 2004-02-01 -97.1333 19.0533 10.21328 
 2004-03-01 -97.1333 19.0533  11.5375 
 2004-04-01 -97.1333 19.0533 13.02725 
 2004-05-01 -97.1333 19.0533 13.67373 
 2004-06-01 -97.1333 19.0533 13.57363 
 2004-07-01 -97.1333 19.0533 13.37881 
 2004-08-01 -97.1333 19.0533 13.75332 
 2004-09-01 -97.1333 19.0533 13.74307 
 2004-10-01 -97.1333 19.0533 13.73086 
 2004-11-01 -97.1333 19.0533 11.11587 
 2004-12-01 -97.1333 19.0533 9.127344 
 2005-01-01 -97.1333 19.0533  9.24087 
 2005-02-01 -97.1333 19.0533 10.95474 
 2005-03-01 -97.1333 19.0533 13.45352 
 2005-04-01 -97.1333 19.0533 14.15273 
 2005-05-01 -97.1333 19.0533 14.04995 
 2005-06-01 -97.1333 19.0533 15.03701 
 2005-07-01 -97.1333 19.0533 14.38687 
 2005-08-01 -97.1333 19.0533 13.85708 
 2005-09-01 -97.1333 19.0533 13.90762 
 2005-10-01 -97.1333 19.0533 13.13223 
 2005-11-01 -97.1333 19.0533 11.01089 
 2005-12-01 -97.1333 19.0533 10.45059 
 2006-01-01 -97.1333 19.0533 9.574854 
 2006-02-01 -97.1333 19.0533 10.51064 
 2006-03-01 -97.1333 19.0533 12.31387 
 2006-04-01 -97.1333 19.0533 13.35928 
 2006-05-01 -97.1333 19.0533 13.84414 
 2006-06-01 -97.1333 19.0533 13.93545 
 2006-07-01 -97.1333 19.0533 13.59902 
 2006-08-01 -97.1333 19.0533 13.89565 
 2006-09-01 -97.1333 19.0533 14.25112 
 2006-10-01 -97.1333 19.0533 13.81411 
 2006-11-01 -97.1333 19.0533 10.79434 
 2006-12-01 -97.1333 19.0533 10.21499 
 2007-01-01 -97.1333 19.0533 10.30728 
 2007-02-01 -97.1333 19.0533 11.36416 
 2007-03-01 -97.1333 19.0533 11.90103 
 2007-04-01 -97.1333 19.0533 13.39858 
 2007-05-01 -97.1333 19.0533 13.79092 
 2007-06-01 -97.1333 19.0533 14.16299 
 2007-07-01 -97.1333 19.0533 13.73745 
 2007-08-01 -97.1333 19.0533 13.88003 
 2007-09-01 -97.1333 19.0533 13.88418 
 2007-10-01 -97.1333 19.0533 12.71572 
 2007-11-01 -97.1333 19.0533  10.8981 
 2007-12-01 -97.1333 19.0533 10.77847 
 2008-01-01 -97.1333 19.0533 9.610987 
 2008-02-01 -97.1333 19.0533 11.69106 
 2008-03-01 -97.1333 19.0533  11.8334 
 2008-04-01 -97.1333 19.0533 13.52236 
 2008-05-01 -97.1333 19.0533 14.23892 
 2008-06-01 -97.1333 19.0533 13.81924 
 2008-07-01 -97.1333 19.0533 13.57607 
 2008-08-01 -97.1333 19.0533  14.4064 
 2008-09-01 -97.1333 19.0533 14.12832 
 2008-10-01 -97.1333 19.0533 12.32461 
 2008-11-01 -97.1333 19.0533 10.62197 
 2008-12-01 -97.1333 19.0533 10.12148 
 2009-01-01 -97.1333 19.0533 9.962305 
 2009-02-01 -97.1333 19.0533 10.53286 
 2009-03-01 -97.1333 19.0533 12.14321 
 2009-04-01 -97.1333 19.0533 14.03189 
 2009-05-01 -97.1333 19.0533  14.2665 
 2009-06-01 -97.1333 19.0533 14.66616 
 2009-07-01 -97.1333 19.0533 14.00845 
 2009-08-01 -97.1333 19.0533 13.59756 
 2009-09-01 -97.1333 19.0533 14.29409 
 2009-10-01 -97.1333 19.0533  14.2709 
 2009-11-01 -97.1333 19.0533 11.30386 
 2009-12-01 -97.1333 19.0533 10.83071 
 2010-01-01 -97.1333 19.0533 8.951563 
 2010-02-01 -97.1333 19.0533 10.19766 
 2010-03-01 -97.1333 19.0533 12.94106 
 2010-04-01 -97.1333 19.0533 14.66958 
 2010-05-01 -97.1333 19.0533 15.73525 
 2010-06-01 -97.1333 19.0533 15.07827 
 2010-07-01 -97.1333 19.0533 14.73184 
 2010-08-01 -97.1333 19.0533  14.6144 
 2010-09-01 -97.1333 19.0533 14.40786 
 2010-10-01 -97.1333 19.0533 12.38125 
 2010-11-01 -97.1333 19.0533 10.74063 
 2010-12-01 -97.1333 19.0533 9.001368 
 2011-01-01 -97.1333 19.0533 10.58535 
 2011-02-01 -97.1333 19.0533 11.42568 
 2011-03-01 -97.1333 19.0533 12.36294 
 2011-04-01 -97.1333 19.0533  14.6022 
 2011-05-01 -97.1333 19.0533 14.92471 
 2011-06-01 -97.1333 19.0533  14.1625 
 2011-07-01 -97.1333 19.0533 14.04897 
 2011-08-01 -97.1333 19.0533 14.63003 
 2011-09-01 -97.1333 19.0533 13.90347 
 2011-10-01 -97.1333 19.0533 12.21572 
 2011-11-01 -97.1333 19.0533 11.21768 
 2011-12-01 -97.1333 19.0533 9.737452 
 2012-01-01 -97.1333 19.0533 10.04556 
 2012-02-01 -97.1333 19.0533 10.91372 
 2012-03-01 -97.1333 19.0533 11.91397 
 2012-04-01 -97.1333 19.0533 12.68276 
 2012-05-01 -97.1333 19.0533 14.13418 
 2012-06-01 -97.1333 19.0533 14.20327 
 2012-07-01 -97.1333 19.0533 13.25869 
 2012-08-01 -97.1333 19.0533 14.16714 
 2012-09-01 -97.1333 19.0533 13.91274 
 2012-10-01 -97.1333 19.0533 12.81704 
 2012-11-01 -97.1333 19.0533 10.42056 
 2012-12-01 -97.1333 19.0533 10.76553 
 2013-01-01 -97.1333 19.0533 10.15225 
 2013-02-01 -97.1333 19.0533 12.65005 
 2013-03-01 -97.1333 19.0533 11.52114 
 2013-04-01 -97.1333 19.0533  14.6979 
 2013-05-01 -97.1333 19.0533 14.11025 
 2013-06-01 -97.1333 19.0533 14.59072 
 2013-07-01 -97.1333 19.0533 14.13491 
 2013-08-01 -97.1333 19.0533 13.89224 
 2013-09-01 -97.1333 19.0533 14.55435 
 2013-10-01 -97.1333 19.0533  13.9728 
 2013-11-01 -97.1333 19.0533 11.76333 
 2013-12-01 -97.1333 19.0533 10.82437 
 2014-01-01 -97.1333 19.0533 8.650537 
 2014-02-01 -97.1333 19.0533  11.8583 
 2014-03-01 -97.1333 19.0533 13.06729 
 2014-04-01 -97.1333 19.0533 13.88662 
 2014-05-01 -97.1333 19.0533 13.81021 
 2014-06-01 -97.1333 19.0533 14.80825 
 2014-07-01 -97.1333 19.0533 13.64102 
 2014-08-01 -97.1333 19.0533 13.88125 
 2014-09-01 -97.1333 19.0533 14.29458 
 2014-10-01 -97.1333 19.0533 13.33486 
 2014-11-01 -97.1333 19.0533  11.3273 
 2014-12-01 -97.1333 19.0533 10.33438 
 2015-01-01 -97.1333 19.0533 9.382227 
 2015-02-01 -97.1333 19.0533 10.42495 
 2015-03-01 -97.1333 19.0533 11.39688 
 2015-04-01 -97.1333 19.0533 14.22915 
 2015-05-01 -97.1333 19.0533 13.96816 
 2015-06-01 -97.1333 19.0533 14.26968 
 2015-07-01 -97.1333 19.0533 13.87246 
 2015-08-01 -97.1333 19.0533 14.25576 
 2015-09-01 -97.1333 19.0533  14.4523 
 2015-10-01 -97.1333 19.0533 14.20645 
 2015-11-01 -97.1333 19.0533  13.2438 
 2015-12-01 -97.1333 19.0533 11.74307 
 2016-01-01 -97.1333 19.0533 9.791895 
 2016-02-01 -97.1333 19.0533 9.935205 
 2016-03-01 -97.1333 19.0533 12.97744 
 2016-04-01 -97.1333 19.0533 14.87564 
 2016-05-01 -97.1333 19.0533  15.5812 
 2016-06-01 -97.1333 19.0533 14.51724 
 2016-07-01 -97.1333 19.0533 14.35977 
 2016-08-01 -97.1333 19.0533 14.75112 
 2016-09-01 -97.1333 19.0533 14.32803 
 2016-10-01 -97.1333 19.0533 13.33022 
 2016-11-01 -97.1333 19.0533 11.62466 
 2016-12-01 -97.1333 19.0533 11.53042 
 2017-01-01 -97.1333 19.0533 10.52676 
 2017-02-01 -97.1333 19.0533 11.45645 
 2017-03-01 -97.1333 19.0533 11.77798 
 2017-04-01 -97.1333 19.0533 13.68398 
 2017-05-01 -97.1333 19.0533 15.42446 
 2017-06-01 -97.1333 19.0533 15.14395 
 2017-07-01 -97.1333 19.0533 13.92031 
 2017-08-01 -97.1333 19.0533 14.87808 
 2017-09-01 -97.1333 19.0533 14.83022 
 2017-10-01 -97.1333 19.0533 13.53677 
 2017-11-01 -97.1333 19.0533 11.59341 
 2017-12-01 -97.1333 19.0533 10.07363 
 2018-01-01 -97.1333 19.0533 8.774805 
 2018-02-01 -97.1333 19.0533 11.68252 
 2018-03-01 -97.1333 19.0533 13.34683 
 2018-04-01 -97.1333 19.0533 13.71084 
 2018-05-01 -97.1333 19.0533 14.80313 
 2018-06-01 -97.1333 19.0533 14.49795 
 2018-07-01 -97.1333 19.0533 13.71499 
 2018-08-01 -97.1333 19.0533 13.85122 
 2018-09-01 -97.1333 19.0533 14.74673 
 2018-10-01 -97.1333 19.0533 13.98159 
 2018-11-01 -97.1333 19.0533 12.42617 
 2018-12-01 -97.1333 19.0533 10.54336 
 2019-01-01 -97.1333 19.0533  10.3124 
 2019-02-01 -97.1333 19.0533 13.16274 
 2019-03-01 -97.1333 19.0533 12.74087 
 2019-04-01 -97.1333 19.0533 14.05068 
 2019-05-01 -97.1333 19.0533 15.56924 
 2019-06-01 -97.1333 19.0533  15.2936 
 2019-07-01 -97.1333 19.0533 13.92251 
 2019-08-01 -97.1333 19.0533 14.64761 
 2019-09-01 -97.1333 19.0533 14.44985 
 2019-10-01 -97.1333 19.0533 14.49624 
 2019-11-01 -97.1333 19.0533 12.93862 
 2019-12-01 -97.1333 19.0533 11.16006 
 2020-01-01 -97.1333 19.0533  10.5707 
 2020-02-01 -97.1333 19.0533  12.3168 
 2020-03-01 -97.1333 19.0533 13.93252 
 2020-04-01 -97.1333 19.0533 15.70449 
 2020-05-01 -97.1333 19.0533 14.74844 
 2020-06-01 -97.1333 19.0533 14.97598 
 2020-07-01 -97.1333 19.0533 14.45669 
 2020-08-01 -97.1333 19.0533  14.6481 
 2020-09-01 -97.1333 19.0533 14.57705 
 2020-10-01 -97.1333 19.0533 13.30215 
 2020-11-01 -97.1333 19.0533 12.19619 
 2020-12-01 -97.1333 19.0533 10.56314 
 2021-01-01 -97.1333 19.0533 10.85513 
 2021-02-01 -97.1333 19.0533 12.02969 
 2021-03-01 -97.1333 19.0533 13.40933 
 2021-04-01 -97.1333 19.0533 14.20327 
 2021-05-01 -97.1333 19.0533 14.71743 
 2021-06-01 -97.1333 19.0533 14.46353 
 2021-07-01 -97.1333 19.0533 14.24697 
 2021-08-01 -97.1333 19.0533 14.22598 
 2021-09-01 -97.1333 19.0533  14.6398 
 2021-10-01 -97.1333 19.0533 14.14932 
 2021-11-01 -97.1333 19.0533 10.75503 
 2021-12-01 -97.1333 19.0533  11.3312 
 2022-01-01 -97.1333 19.0533 10.28823 
 2022-02-01 -97.1333 19.0533 10.34072 
 2022-03-01 -97.1333 19.0533 12.60439 
 2022-04-01 -97.1333 19.0533 14.21401 
 2022-05-01 -97.1333 19.0533 14.93643 
 2022-06-01 -97.1333 19.0533 13.94839 
 2022-07-01 -97.1333 19.0533 14.09292 
 2022-08-01 -97.1333 19.0533 14.05801 
 2022-09-01 -97.1333 19.0533 13.86782 
 2022-10-01 -97.1333 19.0533 13.73403 
 2022-11-01 -97.1333 19.0533 12.61978 
 2022-12-01 -97.1333 19.0533  9.88418 
 2023-01-01 -97.1333 19.0533 10.49551 
 2023-02-01 -97.1333 19.0533 11.38223 
 2023-03-01 -97.1333 19.0533 13.46572 
 2023-04-01 -97.1333 19.0533 14.00942 
 2023-05-01 -97.1333 19.0533 14.06362 
 2023-06-01 -97.1333 19.0533  16.1769 
 2023-07-01 -97.1333 19.0533 14.56143 
 2023-08-01 -97.1333 19.0533 14.84341 
 2023-09-01 -97.1333 19.0533 14.98721 
 2023-10-01 -97.1333 19.0533 14.36563 
 2023-11-01 -97.1333 19.0533 12.76162 
 2023-12-01 -97.1333 19.0533 10.47207 
 2024-01-01 -97.1333 19.0533 12.06558 
 2024-02-01 -97.1333 19.0533 13.10977 
 2024-03-01 -97.1333 19.0533 15.61807 
 2024-04-01 -97.1333 19.0533 15.34658 
 2024-05-01 -97.1333 19.0533 17.23135 
 2024-06-01 -97.1333 19.0533  15.9562 
 2024-07-01 -97.1333 19.0533 15.04727 
 2024-08-01 -97.1333 19.0533 14.80215 
 2024-09-01 -97.1333 19.0533 15.56045 
 2024-10-01 -97.1333 19.0533 13.25894 
 2024-11-01 -97.1333 19.0533 13.02529 
 2024-12-01 -97.1333 19.0533 10.41494 
 2025-01-01 -97.1333 19.0533 10.89761 
 2025-02-01 -97.1333 19.0533 12.27529 
 2025-03-01 -97.1333 19.0533  13.9335 
 2025-04-01 -97.1333 19.0533 13.76089 
 2025-05-01 -97.1333 19.0533 15.54824 
 2025-06-01 -97.1333 19.0533 14.56606 
 2025-07-01 -97.1333 19.0533 14.14199 
 2025-08-01 -97.1333 19.0533 14.55288 
 2025-09-01 -97.1333 19.0533 14.91567 
 2025-10-01 -97.1333 19.0533 13.91299 
 2025-11-01 -97.1333 19.0533 12.06436 
 2025-12-01 -97.1333 19.0533 11.07949 
