#      date    lon    lat    value 
cdo(1) remapnn: Nearest neighbor weights from lonlat (9x9) to lonlat (1x1) grid
 1950-01-01 -97.1083 19.3486 13.15859 
 1950-02-01 -97.1083 19.3486 13.20767 
 1950-03-01 -97.1083 19.3486 15.76553 
 1950-04-01 -97.1083 19.3486 16.46719 
 1950-05-01 -97.1083 19.3486 18.54263 
 1950-06-01 -97.1083 19.3486 17.75381 
 1950-07-01 -97.1083 19.3486 17.03457 
 1950-08-01 -97.1083 19.3486 17.25356 
 1950-09-01 -97.1083 19.3486 18.12148 
 1950-10-01 -97.1083 19.3486 16.18008 
 1950-11-01 -97.1083 19.3486 12.86514 
 1950-12-01 -97.1083 19.3486 12.49526 
 1951-01-01 -97.1083 19.3486 13.15542 
 1951-02-01 -97.1083 19.3486 12.29312 
 1951-03-01 -97.1083 19.3486 15.25088 
 1951-04-01 -97.1083 19.3486 17.04043 
 1951-05-01 -97.1083 19.3486 18.30117 
 1951-06-01 -97.1083 19.3486 18.37905 
 1951-07-01 -97.1083 19.3486 17.79653 
 1951-08-01 -97.1083 19.3486 18.33511 
 1951-09-01 -97.1083 19.3486 17.91543 
 1951-10-01 -97.1083 19.3486 16.44058 
 1951-11-01 -97.1083 19.3486 14.70376 
 1951-12-01 -97.1083 19.3486 14.37734 
 1952-01-01 -97.1083 19.3486 13.57485 
 1952-02-01 -97.1083 19.3486 13.61343 
 1952-03-01 -97.1083 19.3486 16.66323 
 1952-04-01 -97.1083 19.3486 16.14297 
 1952-05-01 -97.1083 19.3486 17.19717 
 1952-06-01 -97.1083 19.3486 17.45913 
 1952-07-01 -97.1083 19.3486 16.74648 
 1952-08-01 -97.1083 19.3486 17.44839 
 1952-09-01 -97.1083 19.3486 17.32681 
 1952-10-01 -97.1083 19.3486 13.79727 
 1952-11-01 -97.1083 19.3486 14.36367 
 1952-12-01 -97.1083 19.3486 12.80581 
 1953-01-01 -97.1083 19.3486 11.91055 
 1953-02-01 -97.1083 19.3486  14.0939 
 1953-03-01 -97.1083 19.3486 16.26895 
 1953-04-01 -97.1083 19.3486 18.18838 
 1953-05-01 -97.1083 19.3486 18.87246 
 1953-06-01 -97.1083 19.3486 18.02847 
 1953-07-01 -97.1083 19.3486 17.21694 
 1953-08-01 -97.1083 19.3486 17.99893 
 1953-09-01 -97.1083 19.3486 17.29214 
 1953-10-01 -97.1083 19.3486 15.85806 
 1953-11-01 -97.1083 19.3486 13.45645 
 1953-12-01 -97.1083 19.3486 12.55093 
 1954-01-01 -97.1083 19.3486 12.86099 
 1954-02-01 -97.1083 19.3486 13.46157 
 1954-03-01 -97.1083 19.3486 15.69106 
 1954-04-01 -97.1083 19.3486 16.38027 
 1954-05-01 -97.1083 19.3486 17.67495 
 1954-06-01 -97.1083 19.3486 17.60366 
 1954-07-01 -97.1083 19.3486 16.59902 
 1954-08-01 -97.1083 19.3486 17.10195 
 1954-09-01 -97.1083 19.3486 17.08193 
 1954-10-01 -97.1083 19.3486 15.56094 
 1954-11-01 -97.1083 19.3486 13.27603 
 1954-12-01 -97.1083 19.3486 11.41274 
 1955-01-01 -97.1083 19.3486 12.00137 
 1955-02-01 -97.1083 19.3486 12.33486 
 1955-03-01 -97.1083 19.3486 14.84292 
 1955-04-01 -97.1083 19.3486 17.87588 
 1955-05-01 -97.1083 19.3486 18.47939 
 1955-06-01 -97.1083 19.3486 17.94009 
 1955-07-01 -97.1083 19.3486 16.68081 
 1955-08-01 -97.1083 19.3486 17.26943 
 1955-09-01 -97.1083 19.3486 17.26626 
 1955-10-01 -97.1083 19.3486 15.33608 
 1955-11-01 -97.1083 19.3486 14.61416 
 1955-12-01 -97.1083 19.3486 12.57607 
 1956-01-01 -97.1083 19.3486 11.29263 
 1956-02-01 -97.1083 19.3486 14.22451 
 1956-03-01 -97.1083 19.3486 15.28701 
 1956-04-01 -97.1083 19.3486  17.3627 
 1956-05-01 -97.1083 19.3486 16.48525 
 1956-06-01 -97.1083 19.3486 16.52114 
 1956-07-01 -97.1083 19.3486 16.40884 
 1956-08-01 -97.1083 19.3486 17.22598 
 1956-09-01 -97.1083 19.3486 16.46768 
 1956-10-01 -97.1083 19.3486 15.30581 
 1956-11-01 -97.1083 19.3486 13.33804 
 1956-12-01 -97.1083 19.3486 12.62734 
 1957-01-01 -97.1083 19.3486 12.51772 
 1957-02-01 -97.1083 19.3486 13.56729 
 1957-03-01 -97.1083 19.3486 14.99551 
 1957-04-01 -97.1083 19.3486 17.04556 
 1957-05-01 -97.1083 19.3486 17.98013 
 1957-06-01 -97.1083 19.3486 18.44399 
 1957-07-01 -97.1083 19.3486 17.15029 
 1957-08-01 -97.1083 19.3486 17.41274 
 1957-09-01 -97.1083 19.3486 17.32388 
 1957-10-01 -97.1083 19.3486 15.22744 
 1957-11-01 -97.1083 19.3486 15.33413 
 1957-12-01 -97.1083 19.3486 12.28359 
 1958-01-01 -97.1083 19.3486   11.329 
 1958-02-01 -97.1083 19.3486 12.55142 
 1958-03-01 -97.1083 19.3486 15.16592 
 1958-04-01 -97.1083 19.3486 17.59927 
 1958-05-01 -97.1083 19.3486 17.01602 
 1958-06-01 -97.1083 19.3486 18.09658 
 1958-07-01 -97.1083 19.3486 17.07388 
 1958-08-01 -97.1083 19.3486 17.70571 
 1958-09-01 -97.1083 19.3486 17.67275 
 1958-10-01 -97.1083 19.3486 16.23232 
 1958-11-01 -97.1083 19.3486 15.02529 
 1958-12-01 -97.1083 19.3486 12.81777 
 1959-01-01 -97.1083 19.3486 12.54653 
 1959-02-01 -97.1083 19.3486 14.67739 
 1959-03-01 -97.1083 19.3486 15.03994 
 1959-04-01 -97.1083 19.3486 16.08486 
 1959-05-01 -97.1083 19.3486 17.39858 
 1959-06-01 -97.1083 19.3486 17.89932 
 1959-07-01 -97.1083 19.3486 16.83682 
 1959-08-01 -97.1083 19.3486 17.29531 
 1959-09-01 -97.1083 19.3486 17.33267 
 1959-10-01 -97.1083 19.3486 16.97305 
 1959-11-01 -97.1083 19.3486 13.80386 
 1959-12-01 -97.1083 19.3486 12.82974 
 1960-01-01 -97.1083 19.3486 13.24648 
 1960-02-01 -97.1083 19.3486 12.42056 
 1960-03-01 -97.1083 19.3486 14.47598 
 1960-04-01 -97.1083 19.3486 16.25649 
 1960-05-01 -97.1083 19.3486 18.37026 
 1960-06-01 -97.1083 19.3486 17.97427 
 1960-07-01 -97.1083 19.3486 17.27627 
 1960-08-01 -97.1083 19.3486 17.44448 
 1960-09-01 -97.1083 19.3486 16.58486 
 1960-10-01 -97.1083 19.3486 16.83975 
 1960-11-01 -97.1083 19.3486 14.62808 
 1960-12-01 -97.1083 19.3486 12.17056 
 1961-01-01 -97.1083 19.3486 12.05703 
 1961-02-01 -97.1083 19.3486 12.80435 
 1961-03-01 -97.1083 19.3486 15.64004 
 1961-04-01 -97.1083 19.3486 16.72647 
 1961-05-01 -97.1083 19.3486 18.51016 
 1961-06-01 -97.1083 19.3486 17.32583 
 1961-07-01 -97.1083 19.3486 16.52358 
 1961-08-01 -97.1083 19.3486 16.68008 
 1961-09-01 -97.1083 19.3486 16.96743 
 1961-10-01 -97.1083 19.3486 15.33682 
 1961-11-01 -97.1083 19.3486 14.60635 
 1961-12-01 -97.1083 19.3486 13.34146 
 1962-01-01 -97.1083 19.3486 11.51626 
 1962-02-01 -97.1083 19.3486 15.14785 
 1962-03-01 -97.1083 19.3486 15.41079 
 1962-04-01 -97.1083 19.3486 15.81655 
 1962-05-01 -97.1083 19.3486 17.25161 
 1962-06-01 -97.1083 19.3486 18.23355 
 1962-07-01 -97.1083 19.3486  17.1918 
 1962-08-01 -97.1083 19.3486 18.04019 
 1962-09-01 -97.1083 19.3486 17.49551 
 1962-10-01 -97.1083 19.3486 16.78799 
 1962-11-01 -97.1083 19.3486 13.57803 
 1962-12-01 -97.1083 19.3486 13.08535 
 1963-01-01 -97.1083 19.3486 12.71353 
 1963-02-01 -97.1083 19.3486 12.06094 
 1963-03-01 -97.1083 19.3486 15.84536 
 1963-04-01 -97.1083 19.3486 17.98696 
 1963-05-01 -97.1083 19.3486 17.38076 
 1963-06-01 -97.1083 19.3486 18.25186 
 1963-07-01 -97.1083 19.3486 17.13687 
 1963-08-01 -97.1083 19.3486 17.36294 
 1963-09-01 -97.1083 19.3486 17.06851 
 1963-10-01 -97.1083 19.3486 15.37344 
 1963-11-01 -97.1083 19.3486 14.15786 
 1963-12-01 -97.1083 19.3486 11.84805 
 1964-01-01 -97.1083 19.3486 12.25649 
 1964-02-01 -97.1083 19.3486 13.40615 
 1964-03-01 -97.1083 19.3486 16.04385 
 1964-04-01 -97.1083 19.3486 18.25674 
 1964-05-01 -97.1083 19.3486 18.30874 
 1964-06-01 -97.1083 19.3486 17.27896 
 1964-07-01 -97.1083 19.3486 16.97573 
 1964-08-01 -97.1083 19.3486 17.88833 
 1964-09-01 -97.1083 19.3486  17.6835 
 1964-10-01 -97.1083 19.3486 14.65835 
 1964-11-01 -97.1083 19.3486 14.83413 
 1964-12-01 -97.1083 19.3486 13.22061 
 1965-01-01 -97.1083 19.3486 12.16543 
 1965-02-01 -97.1083 19.3486 12.99014 
 1965-03-01 -97.1083 19.3486 14.67153 
 1965-04-01 -97.1083 19.3486 17.06851 
 1965-05-01 -97.1083 19.3486 17.89102 
 1965-06-01 -97.1083 19.3486 17.57925 
 1965-07-01 -97.1083 19.3486 16.59121 
 1965-08-01 -97.1083 19.3486 16.67422 
 1965-09-01 -97.1083 19.3486 17.37222 
 1965-10-01 -97.1083 19.3486 15.65689 
 1965-11-01 -97.1083 19.3486 14.83511 
 1965-12-01 -97.1083 19.3486 13.44155 
 1966-01-01 -97.1083 19.3486 11.51089 
 1966-02-01 -97.1083 19.3486 12.81289 
 1966-03-01 -97.1083 19.3486 13.37783 
 1966-04-01 -97.1083 19.3486 16.84268 
 1966-05-01 -97.1083 19.3486 17.42764 
 1966-06-01 -97.1083 19.3486  17.4667 
 1966-07-01 -97.1083 19.3486  17.5043 
 1966-08-01 -97.1083 19.3486 17.67324 
 1966-09-01 -97.1083 19.3486 17.23257 
 1966-10-01 -97.1083 19.3486 16.05654 
 1966-11-01 -97.1083 19.3486 12.72671 
 1966-12-01 -97.1083 19.3486 11.91201 
 1967-01-01 -97.1083 19.3486 12.27358 
 1967-02-01 -97.1083 19.3486 12.83828 
 1967-03-01 -97.1083 19.3486 14.69253 
 1967-04-01 -97.1083 19.3486 16.90273 
 1967-05-01 -97.1083 19.3486 18.29385 
 1967-06-01 -97.1083 19.3486 18.24771 
 1967-07-01 -97.1083 19.3486 17.26016 
 1967-08-01 -97.1083 19.3486 17.77358 
 1967-09-01 -97.1083 19.3486 17.22647 
 1967-10-01 -97.1083 19.3486 15.61953 
 1967-11-01 -97.1083 19.3486 14.33633 
 1967-12-01 -97.1083 19.3486 14.18887 
 1968-01-01 -97.1083 19.3486 12.58291 
 1968-02-01 -97.1083 19.3486 12.17056 
 1968-03-01 -97.1083 19.3486 13.35171 
 1968-04-01 -97.1083 19.3486 17.26162 
 1968-05-01 -97.1083 19.3486 18.17275 
 1968-06-01 -97.1083 19.3486 18.18032 
 1968-07-01 -97.1083 19.3486 17.18667 
 1968-08-01 -97.1083 19.3486 17.40762 
 1968-09-01 -97.1083 19.3486 17.92861 
 1968-10-01 -97.1083 19.3486 16.65054 
 1968-11-01 -97.1083 19.3486 14.83364 
 1968-12-01 -97.1083 19.3486 13.79946 
 1969-01-01 -97.1083 19.3486 13.54629 
 1969-02-01 -97.1083 19.3486 14.65493 
 1969-03-01 -97.1083 19.3486 14.53506 
 1969-04-01 -97.1083 19.3486 17.58315 
 1969-05-01 -97.1083 19.3486  18.1127 
 1969-06-01 -97.1083 19.3486 19.09048 
 1969-07-01 -97.1083 19.3486 18.23037 
 1969-08-01 -97.1083 19.3486  18.0519 
 1969-09-01 -97.1083 19.3486 17.67495 
 1969-10-01 -97.1083 19.3486 17.17129 
 1969-11-01 -97.1083 19.3486 14.29531 
 1969-12-01 -97.1083 19.3486 13.68032 
 1970-01-01 -97.1083 19.3486 12.45034 
 1970-02-01 -97.1083 19.3486 12.50527 
 1970-03-01 -97.1083 19.3486 15.08682 
 1970-04-01 -97.1083 19.3486 18.26992 
 1970-05-01 -97.1083 19.3486 17.15811 
 1970-06-01 -97.1083 19.3486  17.9645 
 1970-07-01 -97.1083 19.3486 17.42471 
 1970-08-01 -97.1083 19.3486 18.29995 
 1970-09-01 -97.1083 19.3486 17.96719 
 1970-10-01 -97.1083 19.3486 17.26406 
 1970-11-01 -97.1083 19.3486 13.10366 
 1970-12-01 -97.1083 19.3486 13.61245 
 1971-01-01 -97.1083 19.3486 13.88955 
 1971-02-01 -97.1083 19.3486 13.87881 
 1971-03-01 -97.1083 19.3486 15.79873 
 1971-04-01 -97.1083 19.3486  16.4606 
 1971-05-01 -97.1083 19.3486 18.34243 
 1971-06-01 -97.1083 19.3486   17.652 
 1971-07-01 -97.1083 19.3486 17.08096 
 1971-08-01 -97.1083 19.3486 17.48892 
 1971-09-01 -97.1083 19.3486 18.01553 
 1971-10-01 -97.1083 19.3486 16.86123 
 1971-11-01 -97.1083 19.3486 15.49868 
 1971-12-01 -97.1083 19.3486 14.57705 
 1972-01-01 -97.1083 19.3486 13.97012 
 1972-02-01 -97.1083 19.3486 12.93569 
 1972-03-01 -97.1083 19.3486  15.8334 
 1972-04-01 -97.1083 19.3486 17.84439 
 1972-05-01 -97.1083 19.3486 18.25234 
 1972-06-01 -97.1083 19.3486 18.31216 
 1972-07-01 -97.1083 19.3486 17.22549 
 1972-08-01 -97.1083 19.3486 17.15811 
 1972-09-01 -97.1083 19.3486 17.54897 
 1972-10-01 -97.1083 19.3486 17.07632 
 1972-11-01 -97.1083 19.3486 16.59683 
 1972-12-01 -97.1083 19.3486 13.68081 
 1973-01-01 -97.1083 19.3486 12.73477 
 1973-02-01 -97.1083 19.3486 13.19839 
 1973-03-01 -97.1083 19.3486 17.41836 
 1973-04-01 -97.1083 19.3486 17.10244 
 1973-05-01 -97.1083 19.3486 18.60537 
 1973-06-01 -97.1083 19.3486 18.13711 
 1973-07-01 -97.1083 19.3486 17.74233 
 1973-08-01 -97.1083 19.3486 17.74356 
 1973-09-01 -97.1083 19.3486 18.08511 
 1973-10-01 -97.1083 19.3486 16.73916 
 1973-11-01 -97.1083 19.3486 15.71841 
 1973-12-01 -97.1083 19.3486   12.829 
 1974-01-01 -97.1083 19.3486 14.14468 
 1974-02-01 -97.1083 19.3486 13.65151 
 1974-03-01 -97.1083 19.3486 15.57974 
 1974-04-01 -97.1083 19.3486 16.80557 
 1974-05-01 -97.1083 19.3486 18.14395 
 1974-06-01 -97.1083 19.3486 17.79971 
 1974-07-01 -97.1083 19.3486 17.01064 
 1974-08-01 -97.1083 19.3486 17.95938 
 1974-09-01 -97.1083 19.3486 17.61392 
 1974-10-01 -97.1083 19.3486 15.79385 
 1974-11-01 -97.1083 19.3486 14.34609 
 1974-12-01 -97.1083 19.3486 13.84146 
 1975-01-01 -97.1083 19.3486 12.80313 
 1975-02-01 -97.1083 19.3486 14.47231 
 1975-03-01 -97.1083 19.3486 17.01919 
 1975-04-01 -97.1083 19.3486  18.5104 
 1975-05-01 -97.1083 19.3486 19.21792 
 1975-06-01 -97.1083 19.3486 18.41372 
 1975-07-01 -97.1083 19.3486 17.57925 
 1975-08-01 -97.1083 19.3486 18.04385 
 1975-09-01 -97.1083 19.3486 17.25112 
 1975-10-01 -97.1083 19.3486  16.5104 
 1975-11-01 -97.1083 19.3486 14.99868 
 1975-12-01 -97.1083 19.3486 12.96231 
 1976-01-01 -97.1083 19.3486  11.8478 
 1976-02-01 -97.1083 19.3486 12.47402 
 1976-03-01 -97.1083 19.3486  16.6813 
 1976-04-01 -97.1083 19.3486 17.07022 
 1976-05-01 -97.1083 19.3486 17.88882 
 1976-06-01 -97.1083 19.3486 18.12759 
 1976-07-01 -97.1083 19.3486 17.83071 
 1976-08-01 -97.1083 19.3486 17.49331 
 1976-09-01 -97.1083 19.3486 18.18594 
 1976-10-01 -97.1083 19.3486 16.63882 
 1976-11-01 -97.1083 19.3486 13.90396 
 1976-12-01 -97.1083 19.3486 13.03481 
 1977-01-01 -97.1083 19.3486 12.91763 
 1977-02-01 -97.1083 19.3486 13.22207 
 1977-03-01 -97.1083 19.3486 16.68594 
 1977-04-01 -97.1083 19.3486 15.67153 
 1977-05-01 -97.1083 19.3486 18.32119 
 1977-06-01 -97.1083 19.3486 18.05972 
 1977-07-01 -97.1083 19.3486 17.68423 
 1977-08-01 -97.1083 19.3486 18.84805 
 1977-09-01 -97.1083 19.3486  18.9269 
 1977-10-01 -97.1083 19.3486 17.68032 
 1977-11-01 -97.1083 19.3486 15.97109 
 1977-12-01 -97.1083 19.3486 14.88418 
 1978-01-01 -97.1083 19.3486 13.15811 
 1978-02-01 -97.1083 19.3486 13.01626 
 1978-03-01 -97.1083 19.3486 15.10024 
 1978-04-01 -97.1083 19.3486 17.95083 
 1978-05-01 -97.1083 19.3486 19.56216 
 1978-06-01 -97.1083 19.3486  18.6166 
 1978-07-01 -97.1083 19.3486 18.20742 
 1978-08-01 -97.1083 19.3486 18.39395 
 1978-09-01 -97.1083 19.3486 18.51504 
 1978-10-01 -97.1083 19.3486 16.78286 
 1978-11-01 -97.1083 19.3486 16.46499 
 1978-12-01 -97.1083 19.3486   14.777 
 1979-01-01 -97.1083 19.3486 13.34072 
 1979-02-01 -97.1083 19.3486 14.11636 
 1979-03-01 -97.1083 19.3486 15.84951 
 1979-04-01 -97.1083 19.3486 18.60757 
 1979-05-01 -97.1083 19.3486 18.67373 
 1979-06-01 -97.1083 19.3486 18.58706 
 1979-07-01 -97.1083 19.3486 18.81826 
 1979-08-01 -97.1083 19.3486 18.01992 
 1979-09-01 -97.1083 19.3486 17.82559 
 1979-10-01 -97.1083 19.3486 17.29067 
 1979-11-01 -97.1083 19.3486 14.64565 
 1979-12-01 -97.1083 19.3486 14.11074 
 1980-01-01 -97.1083 19.3486  14.1188 
 1980-02-01 -97.1083 19.3486 13.60537 
 1980-03-01 -97.1083 19.3486 16.93814 
 1980-04-01 -97.1083 19.3486 17.01235 
 1980-05-01 -97.1083 19.3486 20.15786 
 1980-06-01 -97.1083 19.3486 18.87564 
 1980-07-01 -97.1083 19.3486 19.17861 
 1980-08-01 -97.1083 19.3486 19.17593 
 1980-09-01 -97.1083 19.3486 18.75503 
 1980-10-01 -97.1083 19.3486 17.28408 
 1980-11-01 -97.1083 19.3486  14.5751 
 1980-12-01 -97.1083 19.3486 13.19473 
 1981-01-01 -97.1083 19.3486  12.1957 
 1981-02-01 -97.1083 19.3486 13.77114 
 1981-03-01 -97.1083 19.3486 16.17471 
 1981-04-01 -97.1083 19.3486 17.57656 
 1981-05-01 -97.1083 19.3486 19.59585 
 1981-06-01 -97.1083 19.3486 19.39224 
 1981-07-01 -97.1083 19.3486 18.62441 
 1981-08-01 -97.1083 19.3486 18.80557 
 1981-09-01 -97.1083 19.3486 18.46255 
 1981-10-01 -97.1083 19.3486 17.99819 
 1981-11-01 -97.1083 19.3486 15.06289 
 1981-12-01 -97.1083 19.3486 14.84439 
 1982-01-01 -97.1083 19.3486  14.9208 
 1982-02-01 -97.1083 19.3486 14.70449 
 1982-03-01 -97.1083 19.3486 16.83779 
 1982-04-01 -97.1083 19.3486 19.08218 
 1982-05-01 -97.1083 19.3486 19.29971 
 1982-06-01 -97.1083 19.3486 19.46499 
 1982-07-01 -97.1083 19.3486 18.07461 
 1982-08-01 -97.1083 19.3486 18.23647 
 1982-09-01 -97.1083 19.3486 18.30288 
 1982-10-01 -97.1083 19.3486 16.91689 
 1982-11-01 -97.1083 19.3486 15.05703 
 1982-12-01 -97.1083 19.3486 13.89981 
 1983-01-01 -97.1083 19.3486 12.61782 
 1983-02-01 -97.1083 19.3486 13.16738 
 1983-03-01 -97.1083 19.3486 15.55215 
 1983-04-01 -97.1083 19.3486 17.27554 
 1983-05-01 -97.1083 19.3486 20.20596 
 1983-06-01 -97.1083 19.3486 19.75674 
 1983-07-01 -97.1083 19.3486 18.51016 
 1983-08-01 -97.1083 19.3486 18.70767 
 1983-09-01 -97.1083 19.3486 18.69766 
 1983-10-01 -97.1083 19.3486 17.05996 
 1983-11-01 -97.1083 19.3486 16.53091 
 1983-12-01 -97.1083 19.3486 14.51309 
 1984-01-01 -97.1083 19.3486 12.64053 
 1984-02-01 -97.1083 19.3486  13.7084 
 1984-03-01 -97.1083 19.3486 15.63784 
 1984-04-01 -97.1083 19.3486 18.51187 
 1984-05-01 -97.1083 19.3486 18.40786 
 1984-06-01 -97.1083 19.3486 18.39419 
 1984-07-01 -97.1083 19.3486 17.99819 
 1984-08-01 -97.1083 19.3486  17.9103 
 1984-09-01 -97.1083 19.3486 17.69253 
 1984-10-01 -97.1083 19.3486 17.85342 
 1984-11-01 -97.1083 19.3486 14.88125 
 1984-12-01 -97.1083 19.3486 14.17446 
 1985-01-01 -97.1083 19.3486 12.67349 
 1985-02-01 -97.1083 19.3486 13.69595 
 1985-03-01 -97.1083 19.3486 16.04971 
 1985-04-01 -97.1083 19.3486  17.2377 
 1985-05-01 -97.1083 19.3486 18.83169 
 1985-06-01 -97.1083 19.3486 18.91885 
 1985-07-01 -97.1083 19.3486 18.19839 
 1985-08-01 -97.1083 19.3486 18.51504 
 1985-09-01 -97.1083 19.3486 18.06704 
 1985-10-01 -97.1083 19.3486 16.85439 
 1985-11-01 -97.1083 19.3486 15.39981 
 1985-12-01 -97.1083 19.3486  13.9645 
 1986-01-01 -97.1083 19.3486 11.88345 
 1986-02-01 -97.1083 19.3486 14.96548 
 1986-03-01 -97.1083 19.3486 14.45083 
 1986-04-01 -97.1083 19.3486  17.9374 
 1986-05-01 -97.1083 19.3486 18.94204 
 1986-06-01 -97.1083 19.3486  18.7853 
 1986-07-01 -97.1083 19.3486 17.60073 
 1986-08-01 -97.1083 19.3486 18.59487 
 1986-09-01 -97.1083 19.3486  18.4396 
 1986-10-01 -97.1083 19.3486 17.33022 
 1986-11-01 -97.1083 19.3486  16.4855 
 1986-12-01 -97.1083 19.3486 14.07583 
 1987-01-01 -97.1083 19.3486 12.61978 
 1987-02-01 -97.1083 19.3486 14.41104 
 1987-03-01 -97.1083 19.3486 15.51284 
 1987-04-01 -97.1083 19.3486 15.63931 
 1987-05-01 -97.1083 19.3486 18.41738 
 1987-06-01 -97.1083 19.3486 19.28872 
 1987-07-01 -97.1083 19.3486 18.53506 
 1987-08-01 -97.1083 19.3486 18.96426 
 1987-09-01 -97.1083 19.3486 19.31069 
 1987-10-01 -97.1083 19.3486 15.81704 
 1987-11-01 -97.1083 19.3486 14.99795 
 1987-12-01 -97.1083 19.3486 15.15078 
 1988-01-01 -97.1083 19.3486 12.70962 
 1988-02-01 -97.1083 19.3486 13.95938 
 1988-03-01 -97.1083 19.3486 15.39346 
 1988-04-01 -97.1083 19.3486 18.28311 
 1988-05-01 -97.1083 19.3486 18.55898 
 1988-06-01 -97.1083 19.3486 18.73062 
 1988-07-01 -97.1083 19.3486 18.79019 
 1988-08-01 -97.1083 19.3486 18.83438 
 1988-09-01 -97.1083 19.3486 18.46719 
 1988-10-01 -97.1083 19.3486 16.49697 
 1988-11-01 -97.1083 19.3486 15.75601 
 1988-12-01 -97.1083 19.3486 13.64736 
 1989-01-01 -97.1083 19.3486 14.31802 
 1989-02-01 -97.1083 19.3486 14.01577 
 1989-03-01 -97.1083 19.3486 14.76748 
 1989-04-01 -97.1083 19.3486 16.69766 
 1989-05-01 -97.1083 19.3486 18.91494 
 1989-06-01 -97.1083 19.3486 19.03457 
 1989-07-01 -97.1083 19.3486  18.4291 
 1989-08-01 -97.1083 19.3486 18.60049 
 1989-09-01 -97.1083 19.3486 18.05483 
 1989-10-01 -97.1083 19.3486 16.40957 
 1989-11-01 -97.1083 19.3486 16.12612 
 1989-12-01 -97.1083 19.3486  12.7665 
 1990-01-01 -97.1083 19.3486 14.02969 
 1990-02-01 -97.1083 19.3486 14.67764 
 1990-03-01 -97.1083 19.3486 15.41567 
 1990-04-01 -97.1083 19.3486 17.68814 
 1990-05-01 -97.1083 19.3486 19.53872 
 1990-06-01 -97.1083 19.3486 18.77456 
 1990-07-01 -97.1083 19.3486 18.48696 
 1990-08-01 -97.1083 19.3486 18.48062 
 1990-09-01 -97.1083 19.3486 18.60903 
 1990-10-01 -97.1083 19.3486 17.27139 
 1990-11-01 -97.1083 19.3486 15.92935 
 1990-12-01 -97.1083 19.3486 13.73379 
 1991-01-01 -97.1083 19.3486 14.54849 
 1991-02-01 -97.1083 19.3486 14.36831 
 1991-03-01 -97.1083 19.3486 17.74404 
 1991-04-01 -97.1083 19.3486 18.98916 
 1991-05-01 -97.1083 19.3486 19.33267 
 1991-06-01 -97.1083 19.3486 19.05068 
 1991-07-01 -97.1083 19.3486 18.10879 
 1991-08-01 -97.1083 19.3486 18.65518 
 1991-09-01 -97.1083 19.3486 18.12637 
 1991-10-01 -97.1083 19.3486 17.38711 
 1991-11-01 -97.1083 19.3486 14.63882 
 1991-12-01 -97.1083 19.3486 14.17715 
 1992-01-01 -97.1083 19.3486 13.19717 
 1992-02-01 -97.1083 19.3486 13.86245 
 1992-03-01 -97.1083 19.3486 16.59048 
 1992-04-01 -97.1083 19.3486 17.07437 
 1992-05-01 -97.1083 19.3486 17.45596 
 1992-06-01 -97.1083 19.3486 19.79678 
 1992-07-01 -97.1083 19.3486 18.20156 
 1992-08-01 -97.1083 19.3486 18.33096 
 1992-09-01 -97.1083 19.3486 18.21914 
 1992-10-01 -97.1083 19.3486 17.18106 
 1992-11-01 -97.1083 19.3486 15.84439 
 1992-12-01 -97.1083 19.3486 14.72109 
 1993-01-01 -97.1083 19.3486 14.40127 
 1993-02-01 -97.1083 19.3486 15.00698 
 1993-03-01 -97.1083 19.3486 15.29653 
 1993-04-01 -97.1083 19.3486 17.49966 
 1993-05-01 -97.1083 19.3486 18.08096 
 1993-06-01 -97.1083 19.3486 19.10977 
 1993-07-01 -97.1083 19.3486  18.4855 
 1993-08-01 -97.1083 19.3486  18.3417 
 1993-09-01 -97.1083 19.3486 18.32656 
 1993-10-01 -97.1083 19.3486 17.69009 
 1993-11-01 -97.1083 19.3486 15.40005 
 1993-12-01 -97.1083 19.3486 14.02505 
 1994-01-01 -97.1083 19.3486 13.54702 
 1994-02-01 -97.1083 19.3486 14.74136 
 1994-03-01 -97.1083 19.3486 16.46987 
 1994-04-01 -97.1083 19.3486 17.80459 
 1994-05-01 -97.1083 19.3486  18.9396 
 1994-06-01 -97.1083 19.3486 18.75918 
 1994-07-01 -97.1083 19.3486 18.46719 
 1994-08-01 -97.1083 19.3486 18.51357 
 1994-09-01 -97.1083 19.3486 18.15127 
 1994-10-01 -97.1083 19.3486 18.11807 
 1994-11-01 -97.1083 19.3486 16.62808 
 1994-12-01 -97.1083 19.3486  15.0397 
 1995-01-01 -97.1083 19.3486 14.45059 
 1995-02-01 -97.1083 19.3486 15.42007 
 1995-03-01 -97.1083 19.3486 16.51113 
 1995-04-01 -97.1083 19.3486 18.57705 
 1995-05-01 -97.1083 19.3486 20.63906 
 1995-06-01 -97.1083 19.3486 19.72061 
 1995-07-01 -97.1083 19.3486 18.76528 
 1995-08-01 -97.1083 19.3486 19.14517 
 1995-09-01 -97.1083 19.3486   18.798 
 1995-10-01 -97.1083 19.3486 17.80606 
 1995-11-01 -97.1083 19.3486 16.33731 
 1995-12-01 -97.1083 19.3486 14.51772 
 1996-01-01 -97.1083 19.3486 12.76504 
 1996-02-01 -97.1083 19.3486 14.46108 
 1996-03-01 -97.1083 19.3486 15.00112 
 1996-04-01 -97.1083 19.3486 17.24624 
 1996-05-01 -97.1083 19.3486   19.173 
 1996-06-01 -97.1083 19.3486 18.64834 
 1996-07-01 -97.1083 19.3486 18.78457 
 1996-08-01 -97.1083 19.3486 18.49795 
 1996-09-01 -97.1083 19.3486 19.70352 
 1996-10-01 -97.1083 19.3486 17.84439 
 1996-11-01 -97.1083 19.3486 15.00601 
 1996-12-01 -97.1083 19.3486 14.27993 
 1997-01-01 -97.1083 19.3486 13.33462 
 1997-02-01 -97.1083 19.3486 14.59731 
 1997-03-01 -97.1083 19.3486 16.42495 
 1997-04-01 -97.1083 19.3486 17.68325 
 1997-05-01 -97.1083 19.3486   18.204 
 1997-06-01 -97.1083 19.3486 19.43765 
 1997-07-01 -97.1083 19.3486 18.76382 
 1997-08-01 -97.1083 19.3486 18.75772 
 1997-09-01 -97.1083 19.3486 18.43496 
 1997-10-01 -97.1083 19.3486 17.47305 
 1997-11-01 -97.1083 19.3486 16.43472 
 1997-12-01 -97.1083 19.3486 13.72598 
 1998-01-01 -97.1083 19.3486 13.77554 
 1998-02-01 -97.1083 19.3486 14.02676 
 1998-03-01 -97.1083 19.3486 15.78579 
 1998-04-01 -97.1083 19.3486 18.44546 
 1998-05-01 -97.1083 19.3486 19.87612 
 1998-06-01 -97.1083 19.3486 20.23477 
 1998-07-01 -97.1083 19.3486 18.82827 
 1998-08-01 -97.1083 19.3486 19.10415 
 1998-09-01 -97.1083 19.3486 19.48745 
 1998-10-01 -97.1083 19.3486 18.25772 
 1998-11-01 -97.1083 19.3486 16.73867 
 1998-12-01 -97.1083 19.3486 14.19204 
 1999-01-01 -97.1083 19.3486 13.16177 
 1999-02-01 -97.1083 19.3486 14.37026 
 1999-03-01 -97.1083 19.3486 16.17861 
 1999-04-01 -97.1083 19.3486 18.47402 
 1999-05-01 -97.1083 19.3486 19.30337 
 1999-06-01 -97.1083 19.3486 19.13369 
 1999-07-01 -97.1083 19.3486 18.18838 
 1999-08-01 -97.1083 19.3486 18.85439 
 1999-09-01 -97.1083 19.3486 18.27407 
 1999-10-01 -97.1083 19.3486 16.59805 
 1999-11-01 -97.1083 19.3486 14.03091 
 1999-12-01 -97.1083 19.3486 13.03726 
 2000-01-01 -97.1083 19.3486 13.33633 
 2000-02-01 -97.1083 19.3486 14.40737 
 2000-03-01 -97.1083 19.3486  16.9208 
 2000-04-01 -97.1083 19.3486 17.55874 
 2000-05-01 -97.1083 19.3486 18.72109 
 2000-06-01 -97.1083 19.3486 18.52749 
 2000-07-01 -97.1083 19.3486 18.14639 
 2000-08-01 -97.1083 19.3486 18.19033 
 2000-09-01 -97.1083 19.3486 18.50381 
 2000-10-01 -97.1083 19.3486 16.90884 
 2000-11-01 -97.1083 19.3486 16.07974 
 2000-12-01 -97.1083 19.3486 12.73428 
 2001-01-01 -97.1083 19.3486 12.89639 
 2001-02-01 -97.1083 19.3486 14.52847 
 2001-03-01 -97.1083 19.3486 15.60415 
 2001-04-01 -97.1083 19.3486 17.61733 
 2001-05-01 -97.1083 19.3486 18.04897 
 2001-06-01 -97.1083 19.3486  18.3207 
 2001-07-01 -97.1083 19.3486 18.42788 
 2001-08-01 -97.1083 19.3486 18.21279 
 2001-09-01 -97.1083 19.3486 18.66909 
 2001-10-01 -97.1083 19.3486 16.99356 
 2001-11-01 -97.1083 19.3486 15.12246 
 2001-12-01 -97.1083 19.3486 13.99429 
 2002-01-01 -97.1083 19.3486 13.25918 
 2002-02-01 -97.1083 19.3486 13.56582 
 2002-03-01 -97.1083 19.3486 16.07925 
 2002-04-01 -97.1083 19.3486 17.51455 
 2002-05-01 -97.1083 19.3486 18.36709 
 2002-06-01 -97.1083 19.3486 18.87637 
 2002-07-01 -97.1083 19.3486 18.27383 
 2002-08-01 -97.1083 19.3486 18.46743 
 2002-09-01 -97.1083 19.3486 18.91519 
 2002-10-01 -97.1083 19.3486 18.22061 
 2002-11-01 -97.1083 19.3486 14.98086 
 2002-12-01 -97.1083 19.3486 13.61367 
 2003-01-01 -97.1083 19.3486 12.46304 
 2003-02-01 -97.1083 19.3486 14.87515 
 2003-03-01 -97.1083 19.3486 16.70742 
 2003-04-01 -97.1083 19.3486  18.1835 
 2003-05-01 -97.1083 19.3486 19.97134 
 2003-06-01 -97.1083 19.3486 19.58755 
 2003-07-01 -97.1083 19.3486 18.27773 
 2003-08-01 -97.1083 19.3486 18.52896 
 2003-09-01 -97.1083 19.3486 18.84683 
 2003-10-01 -97.1083 19.3486 18.01919 
 2003-11-01 -97.1083 19.3486 15.76162 
 2003-12-01 -97.1083 19.3486 12.16299 
 2004-01-01 -97.1083 19.3486 13.06899 
 2004-02-01 -97.1083 19.3486  13.5707 
 2004-03-01 -97.1083 19.3486 15.66445 
 2004-04-01 -97.1083 19.3486 16.62295 
 2004-05-01 -97.1083 19.3486 18.33975 
 2004-06-01 -97.1083 19.3486 18.69082 
 2004-07-01 -97.1083 19.3486 18.62881 
 2004-08-01 -97.1083 19.3486 18.86465 
 2004-09-01 -97.1083 19.3486 18.59268 
 2004-10-01 -97.1083 19.3486  18.3207 
 2004-11-01 -97.1083 19.3486 15.32485 
 2004-12-01 -97.1083 19.3486 12.90469 
 2005-01-01 -97.1083 19.3486 13.18032 
 2005-02-01 -97.1083 19.3486  14.4313 
 2005-03-01 -97.1083 19.3486 16.47891 
 2005-04-01 -97.1083 19.3486 17.84609 
 2005-05-01 -97.1083 19.3486 18.34097 
 2005-06-01 -97.1083 19.3486  19.8124 
 2005-07-01 -97.1083 19.3486 19.26772 
 2005-08-01 -97.1083 19.3486 18.90396 
 2005-09-01 -97.1083 19.3486 18.76113 
 2005-10-01 -97.1083 19.3486 17.56973 
 2005-11-01 -97.1083 19.3486   15.173 
 2005-12-01 -97.1083 19.3486 14.38809 
 2006-01-01 -97.1083 19.3486 13.49478 
 2006-02-01 -97.1083 19.3486 14.04385 
 2006-03-01 -97.1083 19.3486 16.21035 
 2006-04-01 -97.1083 19.3486 18.00967 
 2006-05-01 -97.1083 19.3486  18.6918 
 2006-06-01 -97.1083 19.3486 18.62686 
 2006-07-01 -97.1083 19.3486 18.46231 
 2006-08-01 -97.1083 19.3486  18.7687 
 2006-09-01 -97.1083 19.3486 19.12026 
 2006-10-01 -97.1083 19.3486 18.56021 
 2006-11-01 -97.1083 19.3486 15.14981 
 2006-12-01 -97.1083 19.3486 14.14077 
 2007-01-01 -97.1083 19.3486 13.73892 
 2007-02-01 -97.1083 19.3486 14.72354 
 2007-03-01 -97.1083 19.3486 15.59048 
 2007-04-01 -97.1083 19.3486 17.40249 
 2007-05-01 -97.1083 19.3486 18.24404 
 2007-06-01 -97.1083 19.3486 18.92471 
 2007-07-01 -97.1083 19.3486 18.69644 
 2007-08-01 -97.1083 19.3486 18.75894 
 2007-09-01 -97.1083 19.3486  18.6166 
 2007-10-01 -97.1083 19.3486 17.31143 
 2007-11-01 -97.1083 19.3486 15.33755 
 2007-12-01 -97.1083 19.3486 14.99917 
 2008-01-01 -97.1083 19.3486 13.51333 
 2008-02-01 -97.1083 19.3486 15.62075 
 2008-03-01 -97.1083 19.3486 15.64004 
 2008-04-01 -97.1083 19.3486 17.97549 
 2008-05-01 -97.1083 19.3486 19.51235 
 2008-06-01 -97.1083 19.3486  18.7001 
 2008-07-01 -97.1083 19.3486 18.53701 
 2008-08-01 -97.1083 19.3486  19.5353 
 2008-09-01 -97.1083 19.3486 18.90566 
 2008-10-01 -97.1083 19.3486  17.0707 
 2008-11-01 -97.1083 19.3486 14.71572 
 2008-12-01 -97.1083 19.3486 13.77578 
 2009-01-01 -97.1083 19.3486 13.53262 
 2009-02-01 -97.1083 19.3486 14.39419 
 2009-03-01 -97.1083 19.3486 15.71157 
 2009-04-01 -97.1083 19.3486 18.14517 
 2009-05-01 -97.1083 19.3486 18.84268 
 2009-06-01 -97.1083 19.3486  19.2853 
 2009-07-01 -97.1083 19.3486 18.94595 
 2009-08-01 -97.1083 19.3486 18.71865 
 2009-09-01 -97.1083 19.3486 19.10073 
 2009-10-01 -97.1083 19.3486 18.72793 
 2009-11-01 -97.1083 19.3486 15.56948 
 2009-12-01 -97.1083 19.3486 14.53774 
 2010-01-01 -97.1083 19.3486 12.60391 
 2010-02-01 -97.1083 19.3486 13.15273 
 2010-03-01 -97.1083 19.3486 15.09146 
 2010-04-01 -97.1083 19.3486 18.01138 
 2010-05-01 -97.1083 19.3486 19.49502 
 2010-06-01 -97.1083 19.3486 19.73843 
 2010-07-01 -97.1083 19.3486 19.43691 
 2010-08-01 -97.1083 19.3486 19.44644 
 2010-09-01 -97.1083 19.3486 19.11294 
 2010-10-01 -97.1083 19.3486  16.3793 
 2010-11-01 -97.1083 19.3486  14.8793 
 2010-12-01 -97.1083 19.3486 12.34902 
 2011-01-01 -97.1083 19.3486 13.93887 
 2011-02-01 -97.1083 19.3486 14.38076 
 2011-03-01 -97.1083 19.3486 16.48208 
 2011-04-01 -97.1083 19.3486 19.34829 
 2011-05-01 -97.1083 19.3486 19.80752 
 2011-06-01 -97.1083 19.3486 18.92227 
 2011-07-01 -97.1083 19.3486 18.95132 
 2011-08-01 -97.1083 19.3486 19.44058 
 2011-09-01 -97.1083 19.3486 18.67105 
 2011-10-01 -97.1083 19.3486 16.61025 
 2011-11-01 -97.1083 19.3486 15.44619 
 2011-12-01 -97.1083 19.3486  13.4562 
 2012-01-01 -97.1083 19.3486 14.05532 
 2012-02-01 -97.1083 19.3486 14.97036 
 2012-03-01 -97.1083 19.3486 16.07022 
 2012-04-01 -97.1083 19.3486 17.08706 
 2012-05-01 -97.1083 19.3486 18.70059 
 2012-06-01 -97.1083 19.3486 18.99429 
 2012-07-01 -97.1083 19.3486 18.19033 
 2012-08-01 -97.1083 19.3486 18.97378 
 2012-09-01 -97.1083 19.3486 18.71743 
 2012-10-01 -97.1083 19.3486 17.39907 
 2012-11-01 -97.1083 19.3486 14.80337 
 2012-12-01 -97.1083 19.3486 14.53115 
 2013-01-01 -97.1083 19.3486 13.79287 
 2013-02-01 -97.1083 19.3486 15.63052 
 2013-03-01 -97.1083 19.3486 14.71255 
 2013-04-01 -97.1083 19.3486 18.15103 
 2013-05-01 -97.1083 19.3486  18.5458 
 2013-06-01 -97.1083 19.3486 19.22354 
 2013-07-01 -97.1083 19.3486 18.93374 
 2013-08-01 -97.1083 19.3486 18.72817 
 2013-09-01 -97.1083 19.3486 19.10708 
 2013-10-01 -97.1083 19.3486 18.57241 
 2013-11-01 -97.1083 19.3486 16.06021 
 2013-12-01 -97.1083 19.3486 14.77749 
 2014-01-01 -97.1083 19.3486 12.36733 
 2014-02-01 -97.1083 19.3486 15.16689 
 2014-03-01 -97.1083 19.3486 16.61221 
 2014-04-01 -97.1083 19.3486 18.01748 
 2014-05-01 -97.1083 19.3486 17.99575 
 2014-06-01 -97.1083 19.3486  19.4645 
 2014-07-01 -97.1083 19.3486 18.57656 
 2014-08-01 -97.1083 19.3486 19.07656 
 2014-09-01 -97.1083 19.3486 19.06021 
 2014-10-01 -97.1083 19.3486 17.94229 
 2014-11-01 -97.1083 19.3486 15.02065 
 2014-12-01 -97.1083 19.3486 14.05117 
 2015-01-01 -97.1083 19.3486 12.94863 
 2015-02-01 -97.1083 19.3486  13.3644 
 2015-03-01 -97.1083 19.3486  15.1957 
 2015-04-01 -97.1083 19.3486 18.53189 
 2015-05-01 -97.1083 19.3486 18.64004 
 2015-06-01 -97.1083 19.3486 18.83413 
 2015-07-01 -97.1083 19.3486 18.82363 
 2015-08-01 -97.1083 19.3486 19.28115 
 2015-09-01 -97.1083 19.3486  19.2648 
 2015-10-01 -97.1083 19.3486 18.59512 
 2015-11-01 -97.1083 19.3486 17.67935 
 2015-12-01 -97.1083 19.3486 15.76064 
 2016-01-01 -97.1083 19.3486 13.03018 
 2016-02-01 -97.1083 19.3486 13.23794 
 2016-03-01 -97.1083 19.3486 16.85049 
 2016-04-01 -97.1083 19.3486 18.25259 
 2016-05-01 -97.1083 19.3486 19.70815 
 2016-06-01 -97.1083 19.3486 19.30239 
 2016-07-01 -97.1083 19.3486 19.22109 
 2016-08-01 -97.1083 19.3486  19.5773 
 2016-09-01 -97.1083 19.3486 19.10537 
 2016-10-01 -97.1083 19.3486 18.08999 
 2016-11-01 -97.1083 19.3486 16.22036 
 2016-12-01 -97.1083 19.3486 15.96401 
 2017-01-01 -97.1083 19.3486 14.46621 
 2017-02-01 -97.1083 19.3486 15.52285 
 2017-03-01 -97.1083 19.3486  16.0397 
 2017-04-01 -97.1083 19.3486 17.93984 
 2017-05-01 -97.1083 19.3486  19.7897 
 2017-06-01 -97.1083 19.3486 19.81777 
 2017-07-01 -97.1083 19.3486 18.72891 
 2017-08-01 -97.1083 19.3486  19.6769 
 2017-09-01 -97.1083 19.3486 19.42788 
 2017-10-01 -97.1083 19.3486 18.17349 
 2017-11-01 -97.1083 19.3486 15.49575 
 2017-12-01 -97.1083 19.3486 13.40371 
 2018-01-01 -97.1083 19.3486 12.46035 
 2018-02-01 -97.1083 19.3486 15.59854 
 2018-03-01 -97.1083 19.3486 17.24917 
 2018-04-01 -97.1083 19.3486  17.8749 
 2018-05-01 -97.1083 19.3486 18.85977 
 2018-06-01 -97.1083 19.3486 19.31631 
 2018-07-01 -97.1083 19.3486  18.7521 
 2018-08-01 -97.1083 19.3486 18.92544 
 2018-09-01 -97.1083 19.3486 19.68814 
 2018-10-01 -97.1083 19.3486 18.70034 
 2018-11-01 -97.1083 19.3486 16.18789 
 2018-12-01 -97.1083 19.3486 14.45352 
 2019-01-01 -97.1083 19.3486  13.5585 
 2019-02-01 -97.1083 19.3486 16.63931 
 2019-03-01 -97.1083 19.3486 16.27017 
 2019-04-01 -97.1083 19.3486 18.00186 
 2019-05-01 -97.1083 19.3486 20.21182 
 2019-06-01 -97.1083 19.3486 20.15493 
 2019-07-01 -97.1083 19.3486  18.9186 
 2019-08-01 -97.1083 19.3486 19.70425 
 2019-09-01 -97.1083 19.3486 19.36782 
 2019-10-01 -97.1083 19.3486 19.01382 
 2019-11-01 -97.1083 19.3486 16.86831 
 2019-12-01 -97.1083 19.3486 14.70107 
 2020-01-01 -97.1083 19.3486 14.32461 
 2020-02-01 -97.1083 19.3486 15.57461 
 2020-03-01 -97.1083 19.3486 17.37197 
 2020-04-01 -97.1083 19.3486 20.24356 
 2020-05-01 -97.1083 19.3486 19.38125 
 2020-06-01 -97.1083 19.3486 19.75332 
 2020-07-01 -97.1083 19.3486 19.53481 
 2020-08-01 -97.1083 19.3486 19.56411 
 2020-09-01 -97.1083 19.3486 19.43057 
 2020-10-01 -97.1083 19.3486 17.73965 
 2020-11-01 -97.1083 19.3486 16.37197 
 2020-12-01 -97.1083 19.3486  13.9147 
 2021-01-01 -97.1083 19.3486   14.402 
 2021-02-01 -97.1083 19.3486 14.86953 
 2021-03-01 -97.1083 19.3486 16.82339 
 2021-04-01 -97.1083 19.3486 18.65054 
 2021-05-01 -97.1083 19.3486 19.51626 
 2021-06-01 -97.1083 19.3486 19.38149 
 2021-07-01 -97.1083 19.3486 19.16494 
 2021-08-01 -97.1083 19.3486  19.2377 
 2021-09-01 -97.1083 19.3486 19.34878 
 2021-10-01 -97.1083 19.3486 18.69814 
 2021-11-01 -97.1083 19.3486 15.04605 
 2021-12-01 -97.1083 19.3486 15.26284 
 2022-01-01 -97.1083 19.3486 13.96597 
 2022-02-01 -97.1083 19.3486  13.7626 
 2022-03-01 -97.1083 19.3486 15.98916 
 2022-04-01 -97.1083 19.3486 18.60855 
 2022-05-01 -97.1083 19.3486 20.03994 
 2022-06-01 -97.1083 19.3486 18.90347 
 2022-07-01 -97.1083 19.3486 19.20034 
 2022-08-01 -97.1083 19.3486 19.34707 
 2022-09-01 -97.1083 19.3486 18.57681 
 2022-10-01 -97.1083 19.3486 17.91958 
 2022-11-01 -97.1083 19.3486 16.87564 
 2022-12-01 -97.1083 19.3486 14.13223 
 2023-01-01 -97.1083 19.3486 14.62637 
 2023-02-01 -97.1083 19.3486  15.0834 
 2023-03-01 -97.1083 19.3486 17.51846 
 2023-04-01 -97.1083 19.3486 17.99771 
 2023-05-01 -97.1083 19.3486 18.44253 
 2023-06-01 -97.1083 19.3486  20.5519 
 2023-07-01 -97.1083 19.3486 19.64932 
 2023-08-01 -97.1083 19.3486 19.81021 
 2023-09-01 -97.1083 19.3486 19.80361 
 2023-10-01 -97.1083 19.3486 18.85781 
 2023-11-01 -97.1083 19.3486 16.52334 
 2023-12-01 -97.1083 19.3486 14.40566 
 2024-01-01 -97.1083 19.3486 15.15347 
 2024-02-01 -97.1083 19.3486 15.51797 
 2024-03-01 -97.1083 19.3486 18.11611 
 2024-04-01 -97.1083 19.3486 18.92471 
 2024-05-01 -97.1083 19.3486 22.34854 
 2024-06-01 -97.1083 19.3486 20.78433 
 2024-07-01 -97.1083 19.3486 19.76602 
 2024-08-01 -97.1083 19.3486 19.69082 
 2024-09-01 -97.1083 19.3486 20.19131 
 2024-10-01 -97.1083 19.3486 17.81362 
 2024-11-01 -97.1083 19.3486  17.1835 
 2024-12-01 -97.1083 19.3486 14.67275 
 2025-01-01 -97.1083 19.3486 14.47769 
 2025-02-01 -97.1083 19.3486 16.38467 
 2025-03-01 -97.1083 19.3486  17.8749 
 2025-04-01 -97.1083 19.3486 17.56362 
 2025-05-01 -97.1083 19.3486 20.17324 
 2025-06-01 -97.1083 19.3486 19.35122 
 2025-07-01 -97.1083 19.3486 19.03848 
 2025-08-01 -97.1083 19.3486 19.67397 
 2025-09-01 -97.1083 19.3486 19.75356 
 2025-10-01 -97.1083 19.3486 18.35049 
 2025-11-01 -97.1083 19.3486  16.0292 
 2025-12-01 -97.1083 19.3486 15.46035 
