#      date    lon    lat    value 
cdo(1) remapnn: Nearest neighbor weights from lonlat (9x9) to lonlat (1x1) grid
 1950-01-01 -97.1419 18.5964 12.22109 
 1950-02-01 -97.1419 18.5964 12.80337 
 1950-03-01 -97.1419 18.5964 15.62881 
 1950-04-01 -97.1419 18.5964  16.0043 
 1950-05-01 -97.1419 18.5964 17.82974 
 1950-06-01 -97.1419 18.5964 16.61123 
 1950-07-01 -97.1419 18.5964 15.94082 
 1950-08-01 -97.1419 18.5964 16.28677 
 1950-09-01 -97.1419 18.5964 16.99258 
 1950-10-01 -97.1419 18.5964 14.82266 
 1950-11-01 -97.1419 18.5964  12.2167 
 1950-12-01 -97.1419 18.5964 12.21011 
 1951-01-01 -97.1419 18.5964 13.15542 
 1951-02-01 -97.1419 18.5964 12.30679 
 1951-03-01 -97.1419 18.5964 15.59072 
 1951-04-01 -97.1419 18.5964 17.95059 
 1951-05-01 -97.1419 18.5964 17.89102 
 1951-06-01 -97.1419 18.5964 17.28921 
 1951-07-01 -97.1419 18.5964 16.86099 
 1951-08-01 -97.1419 18.5964 17.36636 
 1951-09-01 -97.1419 18.5964 16.65762 
 1951-10-01 -97.1419 18.5964 15.83315 
 1951-11-01 -97.1419 18.5964 14.15103 
 1951-12-01 -97.1419 18.5964 13.91055 
 1952-01-01 -97.1419 18.5964 13.06509 
 1952-02-01 -97.1419 18.5964 14.49233 
 1952-03-01 -97.1419 18.5964 18.00503 
 1952-04-01 -97.1419 18.5964 17.10195 
 1952-05-01 -97.1419 18.5964 17.19131 
 1952-06-01 -97.1419 18.5964 16.42397 
 1952-07-01 -97.1419 18.5964 15.76602 
 1952-08-01 -97.1419 18.5964 16.52065 
 1952-09-01 -97.1419 18.5964 16.06118 
 1952-10-01 -97.1419 18.5964 12.55703 
 1952-11-01 -97.1419 18.5964 13.77383 
 1952-12-01 -97.1419 18.5964 12.38003 
 1953-01-01 -97.1419 18.5964 11.78945 
 1953-02-01 -97.1419 18.5964 14.29897 
 1953-03-01 -97.1419 18.5964 16.07754 
 1953-04-01 -97.1419 18.5964 18.75479 
 1953-05-01 -97.1419 18.5964 19.00137 
 1953-06-01 -97.1419 18.5964 16.97964 
 1953-07-01 -97.1419 18.5964 16.17983 
 1953-08-01 -97.1419 18.5964 16.83877 
 1953-09-01 -97.1419 18.5964 16.01675 
 1953-10-01 -97.1419 18.5964 14.95962 
 1953-11-01 -97.1419 18.5964 12.96621 
 1953-12-01 -97.1419 18.5964 12.42983 
 1954-01-01 -97.1419 18.5964  12.3395 
 1954-02-01 -97.1419 18.5964 13.06899 
 1954-03-01 -97.1419 18.5964 15.97622 
 1954-04-01 -97.1419 18.5964 15.66152 
 1954-05-01 -97.1419 18.5964 16.90542 
 1954-06-01 -97.1419 18.5964 16.57827 
 1954-07-01 -97.1419 18.5964 15.21816 
 1954-08-01 -97.1419 18.5964 15.83047 
 1954-09-01 -97.1419 18.5964 15.69522 
 1954-10-01 -97.1419 18.5964 13.95352 
 1954-11-01 -97.1419 18.5964 12.80923 
 1954-12-01 -97.1419 18.5964 10.82681 
 1955-01-01 -97.1419 18.5964 11.97793 
 1955-02-01 -97.1419 18.5964 12.43252 
 1955-03-01 -97.1419 18.5964 15.09097 
 1955-04-01 -97.1419 18.5964 18.46572 
 1955-05-01 -97.1419 18.5964  17.9501 
 1955-06-01 -97.1419 18.5964 16.95962 
 1955-07-01 -97.1419 18.5964 15.17886 
 1955-08-01 -97.1419 18.5964 15.99795 
 1955-09-01 -97.1419 18.5964 16.07681 
 1955-10-01 -97.1419 18.5964  14.0939 
 1955-11-01 -97.1419 18.5964 13.96377 
 1955-12-01 -97.1419 18.5964 11.80654 
 1956-01-01 -97.1419 18.5964 10.63052 
 1956-02-01 -97.1419 18.5964 14.69717 
 1956-03-01 -97.1419 18.5964 15.50967 
 1956-04-01 -97.1419 18.5964 17.61856 
 1956-05-01 -97.1419 18.5964 15.84268 
 1956-06-01 -97.1419 18.5964 15.20669 
 1956-07-01 -97.1419 18.5964 15.44009 
 1956-08-01 -97.1419 18.5964 16.18301 
 1956-09-01 -97.1419 18.5964 14.97939 
 1956-10-01 -97.1419 18.5964 14.65737 
 1956-11-01 -97.1419 18.5964 12.62124 
 1956-12-01 -97.1419 18.5964 11.81875 
 1957-01-01 -97.1419 18.5964 12.06069 
 1957-02-01 -97.1419 18.5964 13.57314 
 1957-03-01 -97.1419 18.5964 16.28066 
 1957-04-01 -97.1419 18.5964 17.24673 
 1957-05-01 -97.1419 18.5964 18.48208 
 1957-06-01 -97.1419 18.5964 17.72524 
 1957-07-01 -97.1419 18.5964 16.26357 
 1957-08-01 -97.1419 18.5964 16.54165 
 1957-09-01 -97.1419 18.5964 16.32583 
 1957-10-01 -97.1419 18.5964 14.63369 
 1957-11-01 -97.1419 18.5964  15.2228 
 1957-12-01 -97.1419 18.5964  11.6625 
 1958-01-01 -97.1419 18.5964 11.25479 
 1958-02-01 -97.1419 18.5964 12.93032 
 1958-03-01 -97.1419 18.5964 17.27334 
 1958-04-01 -97.1419 18.5964  18.8981 
 1958-05-01 -97.1419 18.5964 16.80508 
 1958-06-01 -97.1419 18.5964 17.18447 
 1958-07-01 -97.1419 18.5964 15.98403 
 1958-08-01 -97.1419 18.5964 16.92056 
 1958-09-01 -97.1419 18.5964 16.61807 
 1958-10-01 -97.1419 18.5964 15.48818 
 1958-11-01 -97.1419 18.5964 14.08193 
 1958-12-01 -97.1419 18.5964 12.16152 
 1959-01-01 -97.1419 18.5964 12.11685 
 1959-02-01 -97.1419 18.5964 14.83169 
 1959-03-01 -97.1419 18.5964 16.07705 
 1959-04-01 -97.1419 18.5964 16.39346 
 1959-05-01 -97.1419 18.5964 17.31655 
 1959-06-01 -97.1419 18.5964 16.67471 
 1959-07-01 -97.1419 18.5964 15.34463 
 1959-08-01 -97.1419 18.5964 15.93203 
 1959-09-01 -97.1419 18.5964 16.03189 
 1959-10-01 -97.1419 18.5964  15.7582 
 1959-11-01 -97.1419 18.5964 13.07534 
 1959-12-01 -97.1419 18.5964   12.652 
 1960-01-01 -97.1419 18.5964 13.10586 
 1960-02-01 -97.1419 18.5964 13.76626 
 1960-03-01 -97.1419 18.5964 15.30606 
 1960-04-01 -97.1419 18.5964 16.84829 
 1960-05-01 -97.1419 18.5964 18.19644 
 1960-06-01 -97.1419 18.5964 17.23794 
 1960-07-01 -97.1419 18.5964 16.05947 
 1960-08-01 -97.1419 18.5964 16.30386 
 1960-09-01 -97.1419 18.5964 15.07119 
 1960-10-01 -97.1419 18.5964 15.98037 
 1960-11-01 -97.1419 18.5964 13.77847 
 1960-12-01 -97.1419 18.5964 11.62173 
 1961-01-01 -97.1419 18.5964 11.89883 
 1961-02-01 -97.1419 18.5964 13.58364 
 1961-03-01 -97.1419 18.5964  16.5502 
 1961-04-01 -97.1419 18.5964  17.5917 
 1961-05-01 -97.1419 18.5964  18.0668 
 1961-06-01 -97.1419 18.5964 16.60122 
 1961-07-01 -97.1419 18.5964 15.64077 
 1961-08-01 -97.1419 18.5964 15.87148 
 1961-09-01 -97.1419 18.5964 16.01431 
 1961-10-01 -97.1419 18.5964 14.74697 
 1961-11-01 -97.1419 18.5964 13.81924 
 1961-12-01 -97.1419 18.5964 12.87466 
 1962-01-01 -97.1419 18.5964 11.62368 
 1962-02-01 -97.1419 18.5964 15.51895 
 1962-03-01 -97.1419 18.5964 16.36001 
 1962-04-01 -97.1419 18.5964 15.86733 
 1962-05-01 -97.1419 18.5964 16.80239 
 1962-06-01 -97.1419 18.5964 17.46987 
 1962-07-01 -97.1419 18.5964 16.20352 
 1962-08-01 -97.1419 18.5964  16.9855 
 1962-09-01 -97.1419 18.5964  16.4877 
 1962-10-01 -97.1419 18.5964 15.60635 
 1962-11-01 -97.1419 18.5964 13.40029 
 1962-12-01 -97.1419 18.5964 12.77871 
 1963-01-01 -97.1419 18.5964  12.9772 
 1963-02-01 -97.1419 18.5964  12.6332 
 1963-03-01 -97.1419 18.5964  15.9313 
 1963-04-01 -97.1419 18.5964 17.79751 
 1963-05-01 -97.1419 18.5964 16.75576 
 1963-06-01 -97.1419 18.5964 17.21279 
 1963-07-01 -97.1419 18.5964 15.79897 
 1963-08-01 -97.1419 18.5964 16.37271 
 1963-09-01 -97.1419 18.5964 15.91421 
 1963-10-01 -97.1419 18.5964 14.22695 
 1963-11-01 -97.1419 18.5964 13.75552 
 1963-12-01 -97.1419 18.5964 11.58633 
 1964-01-01 -97.1419 18.5964 12.05532 
 1964-02-01 -97.1419 18.5964 14.83193 
 1964-03-01 -97.1419 18.5964 16.93447 
 1964-04-01 -97.1419 18.5964 18.29775 
 1964-05-01 -97.1419 18.5964 17.68765 
 1964-06-01 -97.1419 18.5964 16.31411 
 1964-07-01 -97.1419 18.5964 15.98159 
 1964-08-01 -97.1419 18.5964   16.652 
 1964-09-01 -97.1419 18.5964 16.48232 
 1964-10-01 -97.1419 18.5964 13.78921 
 1964-11-01 -97.1419 18.5964 14.01577 
 1964-12-01 -97.1419 18.5964 12.38857 
 1965-01-01 -97.1419 18.5964 11.43691 
 1965-02-01 -97.1419 18.5964  13.2792 
 1965-03-01 -97.1419 18.5964 15.60513 
 1965-04-01 -97.1419 18.5964 17.36343 
 1965-05-01 -97.1419 18.5964 17.70938 
 1965-06-01 -97.1419 18.5964 16.65737 
 1965-07-01 -97.1419 18.5964 15.29238 
 1965-08-01 -97.1419 18.5964 15.65664 
 1965-09-01 -97.1419 18.5964 16.42105 
 1965-10-01 -97.1419 18.5964 14.30337 
 1965-11-01 -97.1419 18.5964 13.98159 
 1965-12-01 -97.1419 18.5964 13.27163 
 1966-01-01 -97.1419 18.5964  11.8273 
 1966-02-01 -97.1419 18.5964 13.19766 
 1966-03-01 -97.1419 18.5964 13.55361 
 1966-04-01 -97.1419 18.5964  17.4208 
 1966-05-01 -97.1419 18.5964 17.48037 
 1966-06-01 -97.1419 18.5964  16.8085 
 1966-07-01 -97.1419 18.5964 16.82852 
 1966-08-01 -97.1419 18.5964 16.78652 
 1966-09-01 -97.1419 18.5964 16.39272 
 1966-10-01 -97.1419 18.5964 14.97647 
 1966-11-01 -97.1419 18.5964 11.95718 
 1966-12-01 -97.1419 18.5964 11.71279 
 1967-01-01 -97.1419 18.5964 11.89663 
 1967-02-01 -97.1419 18.5964 12.86563 
 1967-03-01 -97.1419 18.5964 14.45034 
 1967-04-01 -97.1419 18.5964 16.55117 
 1967-05-01 -97.1419 18.5964 17.55752 
 1967-06-01 -97.1419 18.5964 17.12466 
 1967-07-01 -97.1419 18.5964 16.06289 
 1967-08-01 -97.1419 18.5964 16.60757 
 1967-09-01 -97.1419 18.5964 16.34951 
 1967-10-01 -97.1419 18.5964 14.44375 
 1967-11-01 -97.1419 18.5964 13.52969 
 1967-12-01 -97.1419 18.5964 14.01113 
 1968-01-01 -97.1419 18.5964 12.07705 
 1968-02-01 -97.1419 18.5964 11.84243 
 1968-03-01 -97.1419 18.5964 13.49624 
 1968-04-01 -97.1419 18.5964 16.89443 
 1968-05-01 -97.1419 18.5964 17.24697 
 1968-06-01 -97.1419 18.5964 17.09634 
 1968-07-01 -97.1419 18.5964 16.21987 
 1968-08-01 -97.1419 18.5964 16.47207 
 1968-09-01 -97.1419 18.5964 16.64736 
 1968-10-01 -97.1419 18.5964 15.50796 
 1968-11-01 -97.1419 18.5964 14.54458 
 1968-12-01 -97.1419 18.5964 13.49478 
 1969-01-01 -97.1419 18.5964 13.41152 
 1969-02-01 -97.1419 18.5964 15.45181 
 1969-03-01 -97.1419 18.5964  15.8085 
 1969-04-01 -97.1419 18.5964 18.50698 
 1969-05-01 -97.1419 18.5964  18.7416 
 1969-06-01 -97.1419 18.5964 18.99868 
 1969-07-01 -97.1419 18.5964 17.26553 
 1969-08-01 -97.1419 18.5964 16.69253 
 1969-09-01 -97.1419 18.5964 16.21987 
 1969-10-01 -97.1419 18.5964 16.60684 
 1969-11-01 -97.1419 18.5964 13.58438 
 1969-12-01 -97.1419 18.5964 13.34243 
 1970-01-01 -97.1419 18.5964   12.798 
 1970-02-01 -97.1419 18.5964 12.37637 
 1970-03-01 -97.1419 18.5964 16.55752 
 1970-04-01 -97.1419 18.5964 19.05117 
 1970-05-01 -97.1419 18.5964 17.05654 
 1970-06-01 -97.1419 18.5964 17.09731 
 1970-07-01 -97.1419 18.5964 16.47939 
 1970-08-01 -97.1419 18.5964 17.09487 
 1970-09-01 -97.1419 18.5964 16.65273 
 1970-10-01 -97.1419 18.5964 16.51602 
 1970-11-01 -97.1419 18.5964 12.70132 
 1970-12-01 -97.1419 18.5964 12.87222 
 1971-01-01 -97.1419 18.5964 13.83877 
 1971-02-01 -97.1419 18.5964   14.121 
 1971-03-01 -97.1419 18.5964 15.69131 
 1971-04-01 -97.1419 18.5964 16.48989 
 1971-05-01 -97.1419 18.5964 18.34243 
 1971-06-01 -97.1419 18.5964 16.85513 
 1971-07-01 -97.1419 18.5964 16.12979 
 1971-08-01 -97.1419 18.5964 16.34439 
 1971-09-01 -97.1419 18.5964 17.05068 
 1971-10-01 -97.1419 18.5964  16.1835 
 1971-11-01 -97.1419 18.5964 14.45571 
 1971-12-01 -97.1419 18.5964 13.62979 
 1972-01-01 -97.1419 18.5964  13.5209 
 1972-02-01 -97.1419 18.5964 13.09194 
 1972-03-01 -97.1419 18.5964 16.12832 
 1972-04-01 -97.1419 18.5964 17.61001 
 1972-05-01 -97.1419 18.5964 17.91055 
 1972-06-01 -97.1419 18.5964 17.17544 
 1972-07-01 -97.1419 18.5964 16.18057 
 1972-08-01 -97.1419 18.5964 16.12881 
 1972-09-01 -97.1419 18.5964 16.63687 
 1972-10-01 -97.1419 18.5964 16.25015 
 1972-11-01 -97.1419 18.5964 16.26089 
 1972-12-01 -97.1419 18.5964  13.2062 
 1973-01-01 -97.1419 18.5964 12.99063 
 1973-02-01 -97.1419 18.5964 13.82925 
 1973-03-01 -97.1419 18.5964 19.18984 
 1973-04-01 -97.1419 18.5964 17.89541 
 1973-05-01 -97.1419 18.5964 18.30264 
 1973-06-01 -97.1419 18.5964 17.30508 
 1973-07-01 -97.1419 18.5964 16.46694 
 1973-08-01 -97.1419 18.5964 16.57363 
 1973-09-01 -97.1419 18.5964 16.71987 
 1973-10-01 -97.1419 18.5964 15.58877 
 1973-11-01 -97.1419 18.5964 14.91763 
 1973-12-01 -97.1419 18.5964 12.06924 
 1974-01-01 -97.1419 18.5964 13.70132 
 1974-02-01 -97.1419 18.5964  13.7394 
 1974-03-01 -97.1419 18.5964 15.85903 
 1974-04-01 -97.1419 18.5964 16.30752 
 1974-05-01 -97.1419 18.5964 17.90566 
 1974-06-01 -97.1419 18.5964 16.52041 
 1974-07-01 -97.1419 18.5964 15.75088 
 1974-08-01 -97.1419 18.5964 16.90664 
 1974-09-01 -97.1419 18.5964 16.13149 
 1974-10-01 -97.1419 18.5964 14.34658 
 1974-11-01 -97.1419 18.5964 13.59414 
 1974-12-01 -97.1419 18.5964 13.73599 
 1975-01-01 -97.1419 18.5964 12.42617 
 1975-02-01 -97.1419 18.5964 14.98794 
 1975-03-01 -97.1419 18.5964 17.72036 
 1975-04-01 -97.1419 18.5964 18.83657 
 1975-05-01 -97.1419 18.5964 18.13784 
 1975-06-01 -97.1419 18.5964 17.00552 
 1975-07-01 -97.1419 18.5964  16.4269 
 1975-08-01 -97.1419 18.5964 16.87393 
 1975-09-01 -97.1419 18.5964 16.10659 
 1975-10-01 -97.1419 18.5964 15.64907 
 1975-11-01 -97.1419 18.5964 14.43423 
 1975-12-01 -97.1419 18.5964  12.4877 
 1976-01-01 -97.1419 18.5964 11.44155 
 1976-02-01 -97.1419 18.5964 12.39785 
 1976-03-01 -97.1419 18.5964 16.84146 
 1976-04-01 -97.1419 18.5964 17.16592 
 1976-05-01 -97.1419 18.5964 17.57632 
 1976-06-01 -97.1419 18.5964 17.22915 
 1976-07-01 -97.1419 18.5964  16.7311 
 1976-08-01 -97.1419 18.5964 16.55972 
 1976-09-01 -97.1419 18.5964 17.31484 
 1976-10-01 -97.1419 18.5964  15.7814 
 1976-11-01 -97.1419 18.5964 13.59146 
 1976-12-01 -97.1419 18.5964 12.78872 
 1977-01-01 -97.1419 18.5964 13.31021 
 1977-02-01 -97.1419 18.5964 13.31777 
 1977-03-01 -97.1419 18.5964 17.26211 
 1977-04-01 -97.1419 18.5964 15.80044 
 1977-05-01 -97.1419 18.5964 18.06729 
 1977-06-01 -97.1419 18.5964 17.10464 
 1977-07-01 -97.1419 18.5964 16.88149 
 1977-08-01 -97.1419 18.5964 17.64492 
 1977-09-01 -97.1419 18.5964 17.63394 
 1977-10-01 -97.1419 18.5964 16.70767 
 1977-11-01 -97.1419 18.5964 15.77383 
 1977-12-01 -97.1419 18.5964 14.59707 
 1978-01-01 -97.1419 18.5964 13.29873 
 1978-02-01 -97.1419 18.5964  13.6686 
 1978-03-01 -97.1419 18.5964 15.74673 
 1978-04-01 -97.1419 18.5964  18.9313 
 1978-05-01 -97.1419 18.5964 19.62856 
 1978-06-01 -97.1419 18.5964 17.31973 
 1978-07-01 -97.1419 18.5964 17.33438 
 1978-08-01 -97.1419 18.5964 17.58731 
 1978-09-01 -97.1419 18.5964 17.16348 
 1978-10-01 -97.1419 18.5964  15.7145 
 1978-11-01 -97.1419 18.5964 15.90249 
 1978-12-01 -97.1419 18.5964 14.52114 
 1979-01-01 -97.1419 18.5964 13.45791 
 1979-02-01 -97.1419 18.5964 14.68276 
 1979-03-01 -97.1419 18.5964 16.85342 
 1979-04-01 -97.1419 18.5964 18.83413 
 1979-05-01 -97.1419 18.5964 18.73037 
 1979-06-01 -97.1419 18.5964 17.54214 
 1979-07-01 -97.1419 18.5964 17.65811 
 1979-08-01 -97.1419 18.5964 16.74258 
 1979-09-01 -97.1419 18.5964 16.68496 
 1979-10-01 -97.1419 18.5964 16.98989 
 1979-11-01 -97.1419 18.5964  14.0812 
 1979-12-01 -97.1419 18.5964 13.59512 
 1980-01-01 -97.1419 18.5964 14.68911 
 1980-02-01 -97.1419 18.5964 14.53701 
 1980-03-01 -97.1419 18.5964 17.51626 
 1980-04-01 -97.1419 18.5964 17.46353 
 1980-05-01 -97.1419 18.5964 19.87466 
 1980-06-01 -97.1419 18.5964 17.96743 
 1980-07-01 -97.1419 18.5964 18.16689 
 1980-08-01 -97.1419 18.5964 18.11343 
 1980-09-01 -97.1419 18.5964 17.70425 
 1980-10-01 -97.1419 18.5964 16.65127 
 1980-11-01 -97.1419 18.5964 14.64932 
 1980-12-01 -97.1419 18.5964 12.94473 
 1981-01-01 -97.1419 18.5964  12.6332 
 1981-02-01 -97.1419 18.5964 13.67544 
 1981-03-01 -97.1419 18.5964 17.00479 
 1981-04-01 -97.1419 18.5964 17.60391 
 1981-05-01 -97.1419 18.5964 19.57241 
 1981-06-01 -97.1419 18.5964 18.03091 
 1981-07-01 -97.1419 18.5964 17.05606 
 1981-08-01 -97.1419 18.5964 17.55752 
 1981-09-01 -97.1419 18.5964 17.32583 
 1981-10-01 -97.1419 18.5964 17.17788 
 1981-11-01 -97.1419 18.5964 14.61953 
 1981-12-01 -97.1419 18.5964 15.00454 
 1982-01-01 -97.1419 18.5964  15.2333 
 1982-02-01 -97.1419 18.5964 15.22988 
 1982-03-01 -97.1419 18.5964 17.27139 
 1982-04-01 -97.1419 18.5964 19.25796 
 1982-05-01 -97.1419 18.5964 18.97354 
 1982-06-01 -97.1419 18.5964 19.06655 
 1982-07-01 -97.1419 18.5964  17.0043 
 1982-08-01 -97.1419 18.5964  17.2521 
 1982-09-01 -97.1419 18.5964  17.4689 
 1982-10-01 -97.1419 18.5964 16.00283 
 1982-11-01 -97.1419 18.5964 14.91641 
 1982-12-01 -97.1419 18.5964 13.84902 
 1983-01-01 -97.1419 18.5964 12.69204 
 1983-02-01 -97.1419 18.5964 14.09512 
 1983-03-01 -97.1419 18.5964 16.48965 
 1983-04-01 -97.1419 18.5964  18.7228 
 1983-05-01 -97.1419 18.5964 20.61611 
 1983-06-01 -97.1419 18.5964 19.37393 
 1983-07-01 -97.1419 18.5964 17.15664 
 1983-08-01 -97.1419 18.5964  17.8854 
 1983-09-01 -97.1419 18.5964 17.54531 
 1983-10-01 -97.1419 18.5964 16.17324 
 1983-11-01 -97.1419 18.5964 16.24185 
 1983-12-01 -97.1419 18.5964 14.35879 
 1984-01-01 -97.1419 18.5964 13.04092 
 1984-02-01 -97.1419 18.5964 14.50137 
 1984-03-01 -97.1419 18.5964 16.87808 
 1984-04-01 -97.1419 18.5964 19.97085 
 1984-05-01 -97.1419 18.5964 17.66567 
 1984-06-01 -97.1419 18.5964  17.2731 
 1984-07-01 -97.1419 18.5964 16.69937 
 1984-08-01 -97.1419 18.5964 16.61538 
 1984-09-01 -97.1419 18.5964 16.49331 
 1984-10-01 -97.1419 18.5964  17.1542 
 1984-11-01 -97.1419 18.5964 14.48867 
 1984-12-01 -97.1419 18.5964 13.65884 
 1985-01-01 -97.1419 18.5964 13.23599 
 1985-02-01 -97.1419 18.5964 14.04165 
 1985-03-01 -97.1419 18.5964 16.14932 
 1985-04-01 -97.1419 18.5964 17.15176 
 1985-05-01 -97.1419 18.5964 18.38247 
 1985-06-01 -97.1419 18.5964 18.00869 
 1985-07-01 -97.1419 18.5964 16.94448 
 1985-08-01 -97.1419 18.5964 17.44277 
 1985-09-01 -97.1419 18.5964 17.05337 
 1985-10-01 -97.1419 18.5964 16.27236 
 1985-11-01 -97.1419 18.5964 15.16543 
 1985-12-01 -97.1419 18.5964 13.53091 
 1986-01-01 -97.1419 18.5964 11.58657 
 1986-02-01 -97.1419 18.5964 15.30532 
 1986-03-01 -97.1419 18.5964 14.63638 
 1986-04-01 -97.1419 18.5964  17.6542 
 1986-05-01 -97.1419 18.5964 18.37368 
 1986-06-01 -97.1419 18.5964 17.63491 
 1986-07-01 -97.1419 18.5964 16.66323 
 1986-08-01 -97.1419 18.5964 17.56948 
 1986-09-01 -97.1419 18.5964 17.18765 
 1986-10-01 -97.1419 18.5964 16.42397 
 1986-11-01 -97.1419 18.5964 15.91909 
 1986-12-01 -97.1419 18.5964 14.39028 
 1987-01-01 -97.1419 18.5964 13.31314 
 1987-02-01 -97.1419 18.5964 15.60244 
 1987-03-01 -97.1419 18.5964 16.95425 
 1987-04-01 -97.1419 18.5964 16.52993 
 1987-05-01 -97.1419 18.5964 18.23965 
 1987-06-01 -97.1419 18.5964 18.31802 
 1987-07-01 -97.1419 18.5964 17.15225 
 1987-08-01 -97.1419 18.5964 17.73574 
 1987-09-01 -97.1419 18.5964 18.43765 
 1987-10-01 -97.1419 18.5964 14.94009 
 1987-11-01 -97.1419 18.5964  15.1249 
 1987-12-01 -97.1419 18.5964 15.42813 
 1988-01-01 -97.1419 18.5964 12.68423 
 1988-02-01 -97.1419 18.5964 14.43203 
 1988-03-01 -97.1419 18.5964 16.16299 
 1988-04-01 -97.1419 18.5964 18.98037 
 1988-05-01 -97.1419 18.5964 18.98086 
 1988-06-01 -97.1419 18.5964 17.98062 
 1988-07-01 -97.1419 18.5964 17.80581 
 1988-08-01 -97.1419 18.5964 17.55898 
 1988-09-01 -97.1419 18.5964  17.2582 
 1988-10-01 -97.1419 18.5964 15.71572 
 1988-11-01 -97.1419 18.5964  15.5978 
 1988-12-01 -97.1419 18.5964 13.30557 
 1989-01-01 -97.1419 18.5964 14.06021 
 1989-02-01 -97.1419 18.5964  13.3771 
 1989-03-01 -97.1419 18.5964 15.01748 
 1989-04-01 -97.1419 18.5964 16.77773 
 1989-05-01 -97.1419 18.5964 18.58291 
 1989-06-01 -97.1419 18.5964 18.08731 
 1989-07-01 -97.1419 18.5964 17.12246 
 1989-08-01 -97.1419 18.5964 17.72158 
 1989-09-01 -97.1419 18.5964 16.80874 
 1989-10-01 -97.1419 18.5964 16.00332 
 1989-11-01 -97.1419 18.5964 15.95034 
 1989-12-01 -97.1419 18.5964 13.31729 
 1990-01-01 -97.1419 18.5964 14.05508 
 1990-02-01 -97.1419 18.5964 14.56631 
 1990-03-01 -97.1419 18.5964 15.82388 
 1990-04-01 -97.1419 18.5964 17.57095 
 1990-05-01 -97.1419 18.5964 18.92935 
 1990-06-01 -97.1419 18.5964 17.90933 
 1990-07-01 -97.1419 18.5964 17.60415 
 1990-08-01 -97.1419 18.5964 17.67397 
 1990-09-01 -97.1419 18.5964 17.61685 
 1990-10-01 -97.1419 18.5964 16.56826 
 1990-11-01 -97.1419 18.5964 15.16958 
 1990-12-01 -97.1419 18.5964 13.57949 
 1991-01-01 -97.1419 18.5964  15.0231 
 1991-02-01 -97.1419 18.5964 14.64761 
 1991-03-01 -97.1419 18.5964 18.36904 
 1991-04-01 -97.1419 18.5964 19.31143 
 1991-05-01 -97.1419 18.5964 18.61196 
 1991-06-01 -97.1419 18.5964 18.28701 
 1991-07-01 -97.1419 18.5964 16.99356 
 1991-08-01 -97.1419 18.5964 17.80557 
 1991-09-01 -97.1419 18.5964 16.77285 
 1991-10-01 -97.1419 18.5964 16.15273 
 1991-11-01 -97.1419 18.5964 14.08218 
 1991-12-01 -97.1419 18.5964 13.64981 
 1992-01-01 -97.1419 18.5964 13.36514 
 1992-02-01 -97.1419 18.5964 14.41714 
 1992-03-01 -97.1419 18.5964  17.3561 
 1992-04-01 -97.1419 18.5964 17.55874 
 1992-05-01 -97.1419 18.5964 16.80166 
 1992-06-01 -97.1419 18.5964 18.70889 
 1992-07-01 -97.1419 18.5964 17.29727 
 1992-08-01 -97.1419 18.5964 17.32119 
 1992-09-01 -97.1419 18.5964 16.91641 
 1992-10-01 -97.1419 18.5964 16.53848 
 1992-11-01 -97.1419 18.5964 15.62368 
 1992-12-01 -97.1419 18.5964 14.43398 
 1993-01-01 -97.1419 18.5964 14.42471 
 1993-02-01 -97.1419 18.5964  15.3019 
 1993-03-01 -97.1419 18.5964 16.34731 
 1993-04-01 -97.1419 18.5964 18.20669 
 1993-05-01 -97.1419 18.5964 18.25674 
 1993-06-01 -97.1419 18.5964 18.26211 
 1993-07-01 -97.1419 18.5964 17.10464 
 1993-08-01 -97.1419 18.5964  17.1835 
 1993-09-01 -97.1419 18.5964 16.99453 
 1993-10-01 -97.1419 18.5964  17.0104 
 1993-11-01 -97.1419 18.5964 15.04458 
 1993-12-01 -97.1419 18.5964 13.82388 
 1994-01-01 -97.1419 18.5964 13.67007 
 1994-02-01 -97.1419 18.5964  14.8937 
 1994-03-01 -97.1419 18.5964 17.08511 
 1994-04-01 -97.1419 18.5964 18.09561 
 1994-05-01 -97.1419 18.5964 18.64272 
 1994-06-01 -97.1419 18.5964 17.68496 
 1994-07-01 -97.1419 18.5964 17.65273 
 1994-08-01 -97.1419 18.5964 17.55068 
 1994-09-01 -97.1419 18.5964 17.41885 
 1994-10-01 -97.1419 18.5964 17.80752 
 1994-11-01 -97.1419 18.5964 16.13589 
 1994-12-01 -97.1419 18.5964 14.70962 
 1995-01-01 -97.1419 18.5964 14.63613 
 1995-02-01 -97.1419 18.5964 15.58804 
 1995-03-01 -97.1419 18.5964 16.90176 
 1995-04-01 -97.1419 18.5964 19.12002 
 1995-05-01 -97.1419 18.5964 19.96523 
 1995-06-01 -97.1419 18.5964 18.98428 
 1995-07-01 -97.1419 18.5964 17.52114 
 1995-08-01 -97.1419 18.5964 17.80532 
 1995-09-01 -97.1419 18.5964 17.52261 
 1995-10-01 -97.1419 18.5964 17.41738 
 1995-11-01 -97.1419 18.5964 15.55606 
 1995-12-01 -97.1419 18.5964 14.11538 
 1996-01-01 -97.1419 18.5964 12.70645 
 1996-02-01 -97.1419 18.5964  14.7521 
 1996-03-01 -97.1419 18.5964 15.95425 
 1996-04-01 -97.1419 18.5964 18.23257 
 1996-05-01 -97.1419 18.5964 19.20815 
 1996-06-01 -97.1419 18.5964 17.77725 
 1996-07-01 -97.1419 18.5964 17.59316 
 1996-08-01 -97.1419 18.5964 17.32803 
 1996-09-01 -97.1419 18.5964 18.64883 
 1996-10-01 -97.1419 18.5964 16.90884 
 1996-11-01 -97.1419 18.5964 14.16421 
 1996-12-01 -97.1419 18.5964 14.03579 
 1997-01-01 -97.1419 18.5964  13.7311 
 1997-02-01 -97.1419 18.5964 14.65786 
 1997-03-01 -97.1419 18.5964   16.423 
 1997-04-01 -97.1419 18.5964 17.92544 
 1997-05-01 -97.1419 18.5964  17.8583 
 1997-06-01 -97.1419 18.5964 18.74624 
 1997-07-01 -97.1419 18.5964 17.85562 
 1997-08-01 -97.1419 18.5964 17.54873 
 1997-09-01 -97.1419 18.5964 17.52676 
 1997-10-01 -97.1419 18.5964 16.42813 
 1997-11-01 -97.1419 18.5964 15.77261 
 1997-12-01 -97.1419 18.5964 13.97598 
 1998-01-01 -97.1419 18.5964 14.41812 
 1998-02-01 -97.1419 18.5964 15.57949 
 1998-03-01 -97.1419 18.5964 17.04946 
 1998-04-01 -97.1419 18.5964 20.17593 
 1998-05-01 -97.1419 18.5964 20.72573 
 1998-06-01 -97.1419 18.5964  19.5082 
 1998-07-01 -97.1419 18.5964 17.76772 
 1998-08-01 -97.1419 18.5964 18.27407 
 1998-09-01 -97.1419 18.5964 18.06558 
 1998-10-01 -97.1419 18.5964 16.59951 
 1998-11-01 -97.1419 18.5964 15.47109 
 1998-12-01 -97.1419 18.5964 13.32876 
 1999-01-01 -97.1419 18.5964 12.68716 
 1999-02-01 -97.1419 18.5964 13.90933 
 1999-03-01 -97.1419 18.5964 16.18643 
 1999-04-01 -97.1419 18.5964  18.6459 
 1999-05-01 -97.1419 18.5964  18.5104 
 1999-06-01 -97.1419 18.5964 18.34463 
 1999-07-01 -97.1419 18.5964  16.7958 
 1999-08-01 -97.1419 18.5964 17.90713 
 1999-09-01 -97.1419 18.5964 16.95181 
 1999-10-01 -97.1419 18.5964 15.22695 
 1999-11-01 -97.1419 18.5964 13.14224 
 1999-12-01 -97.1419 18.5964  12.3478 
 2000-01-01 -97.1419 18.5964 12.69766 
 2000-02-01 -97.1419 18.5964  13.9269 
 2000-03-01 -97.1419 18.5964 17.04971 
 2000-04-01 -97.1419 18.5964 17.32827 
 2000-05-01 -97.1419 18.5964 17.68008 
 2000-06-01 -97.1419 18.5964 17.33999 
 2000-07-01 -97.1419 18.5964 17.14443 
 2000-08-01 -97.1419 18.5964 16.87197 
 2000-09-01 -97.1419 18.5964 17.40811 
 2000-10-01 -97.1419 18.5964 15.89907 
 2000-11-01 -97.1419 18.5964 15.93716 
 2000-12-01 -97.1419 18.5964 12.31045 
 2001-01-01 -97.1419 18.5964 12.94912 
 2001-02-01 -97.1419 18.5964 14.04214 
 2001-03-01 -97.1419 18.5964 16.21157 
 2001-04-01 -97.1419 18.5964  17.5939 
 2001-05-01 -97.1419 18.5964 18.04312 
 2001-06-01 -97.1419 18.5964 17.13906 
 2001-07-01 -97.1419 18.5964 17.42397 
 2001-08-01 -97.1419 18.5964  17.1542 
 2001-09-01 -97.1419 18.5964 17.16714 
 2001-10-01 -97.1419 18.5964 15.81191 
 2001-11-01 -97.1419 18.5964 14.25723 
 2001-12-01 -97.1419 18.5964 13.68569 
 2002-01-01 -97.1419 18.5964 13.32754 
 2002-02-01 -97.1419 18.5964 13.52676 
 2002-03-01 -97.1419 18.5964 16.25503 
 2002-04-01 -97.1419 18.5964 17.26064 
 2002-05-01 -97.1419 18.5964 17.81826 
 2002-06-01 -97.1419 18.5964 17.70645 
 2002-07-01 -97.1419 18.5964 17.14688 
 2002-08-01 -97.1419 18.5964 17.48501 
 2002-09-01 -97.1419 18.5964 17.77065 
 2002-10-01 -97.1419 18.5964 17.39248 
 2002-11-01 -97.1419 18.5964 14.06484 
 2002-12-01 -97.1419 18.5964 13.54727 
 2003-01-01 -97.1419 18.5964 12.02554 
 2003-02-01 -97.1419 18.5964 15.59585 
 2003-03-01 -97.1419 18.5964 17.46719 
 2003-04-01 -97.1419 18.5964 18.74209 
 2003-05-01 -97.1419 18.5964 19.55142 
 2003-06-01 -97.1419 18.5964 18.31216 
 2003-07-01 -97.1419 18.5964 17.45352 
 2003-08-01 -97.1419 18.5964 17.55239 
 2003-09-01 -97.1419 18.5964  17.7355 
 2003-10-01 -97.1419 18.5964 16.86489 
 2003-11-01 -97.1419 18.5964  15.0292 
 2003-12-01 -97.1419 18.5964 11.82119 
 2004-01-01 -97.1419 18.5964 12.95571 
 2004-02-01 -97.1419 18.5964 14.14883 
 2004-03-01 -97.1419 18.5964 15.49648 
 2004-04-01 -97.1419 18.5964 17.61904 
 2004-05-01 -97.1419 18.5964 17.74209 
 2004-06-01 -97.1419 18.5964 17.37246 
 2004-07-01 -97.1419 18.5964 17.55068 
 2004-08-01 -97.1419 18.5964 17.77285 
 2004-09-01 -97.1419 18.5964 17.52822 
 2004-10-01 -97.1419 18.5964 17.46523 
 2004-11-01 -97.1419 18.5964 14.70767 
 2004-12-01 -97.1419 18.5964  12.2875 
 2005-01-01 -97.1419 18.5964 12.30532 
 2005-02-01 -97.1419 18.5964 14.56021 
 2005-03-01 -97.1419 18.5964 17.76797 
 2005-04-01 -97.1419 18.5964 18.31875 
 2005-05-01 -97.1419 18.5964 18.22769 
 2005-06-01 -97.1419 18.5964 18.67373 
 2005-07-01 -97.1419 18.5964 18.10757 
 2005-08-01 -97.1419 18.5964 17.60513 
 2005-09-01 -97.1419 18.5964 17.61465 
 2005-10-01 -97.1419 18.5964 16.65371 
 2005-11-01 -97.1419 18.5964 14.60659 
 2005-12-01 -97.1419 18.5964 14.21621 
 2006-01-01 -97.1419 18.5964 13.15103 
 2006-02-01 -97.1419 18.5964 14.06924 
 2006-03-01 -97.1419 18.5964 16.27871 
 2006-04-01 -97.1419 18.5964 17.98232 
 2006-05-01 -97.1419 18.5964 18.16445 
 2006-06-01 -97.1419 18.5964 17.68545 
 2006-07-01 -97.1419 18.5964 17.35684 
 2006-08-01 -97.1419 18.5964 17.71011 
 2006-09-01 -97.1419 18.5964 18.23159 
 2006-10-01 -97.1419 18.5964 17.59341 
 2006-11-01 -97.1419 18.5964 14.26113 
 2006-12-01 -97.1419 18.5964 13.99819 
 2007-01-01 -97.1419 18.5964 13.84634 
 2007-02-01 -97.1419 18.5964 15.39541 
 2007-03-01 -97.1419 18.5964 15.87564 
 2007-04-01 -97.1419 18.5964 17.91616 
 2007-05-01 -97.1419 18.5964 17.83389 
 2007-06-01 -97.1419 18.5964 18.24111 
 2007-07-01 -97.1419 18.5964 17.85073 
 2007-08-01 -97.1419 18.5964 17.62417 
 2007-09-01 -97.1419 18.5964 17.35684 
 2007-10-01 -97.1419 18.5964 16.34854 
 2007-11-01 -97.1419 18.5964 14.36489 
 2007-12-01 -97.1419 18.5964 14.28042 
 2008-01-01 -97.1419 18.5964 13.34731 
 2008-02-01 -97.1419 18.5964 15.92153 
 2008-03-01 -97.1419 18.5964 16.05801 
 2008-04-01 -97.1419 18.5964 18.08486 
 2008-05-01 -97.1419 18.5964 19.01235 
 2008-06-01 -97.1419 18.5964 17.49893 
 2008-07-01 -97.1419 18.5964 17.11904 
 2008-08-01 -97.1419 18.5964 18.33804 
 2008-09-01 -97.1419 18.5964  17.3627 
 2008-10-01 -97.1419 18.5964 15.77188 
 2008-11-01 -97.1419 18.5964 14.34463 
 2008-12-01 -97.1419 18.5964 13.51602 
 2009-01-01 -97.1419 18.5964 13.26504 
 2009-02-01 -97.1419 18.5964 14.01919 
 2009-03-01 -97.1419 18.5964 15.77017 
 2009-04-01 -97.1419 18.5964 18.54165 
 2009-05-01 -97.1419 18.5964 18.52627 
 2009-06-01 -97.1419 18.5964 18.71108 
 2009-07-01 -97.1419 18.5964 17.87564 
 2009-08-01 -97.1419 18.5964 17.84365 
 2009-09-01 -97.1419 18.5964  17.7394 
 2009-10-01 -97.1419 18.5964 17.85293 
 2009-11-01 -97.1419 18.5964 15.00894 
 2009-12-01 -97.1419 18.5964 14.63149 
 2010-01-01 -97.1419 18.5964 12.10391 
 2010-02-01 -97.1419 18.5964 13.82656 
 2010-03-01 -97.1419 18.5964 16.34927 
 2010-04-01 -97.1419 18.5964 18.83169 
 2010-05-01 -97.1419 18.5964 19.82314 
 2010-06-01 -97.1419 18.5964 19.30093 
 2010-07-01 -97.1419 18.5964 18.05215 
 2010-08-01 -97.1419 18.5964  17.9523 
 2010-09-01 -97.1419 18.5964 17.60513 
 2010-10-01 -97.1419 18.5964 15.94961 
 2010-11-01 -97.1419 18.5964 14.28555 
 2010-12-01 -97.1419 18.5964  12.0834 
 2011-01-01 -97.1419 18.5964 14.30996 
 2011-02-01 -97.1419 18.5964 14.91982 
 2011-03-01 -97.1419 18.5964 16.44692 
 2011-04-01 -97.1419 18.5964 19.08657 
 2011-05-01 -97.1419 18.5964  19.1376 
 2011-06-01 -97.1419 18.5964 18.00234 
 2011-07-01 -97.1419 18.5964  17.3478 
 2011-08-01 -97.1419 18.5964 18.27456 
 2011-09-01 -97.1419 18.5964 17.74136 
 2011-10-01 -97.1419 18.5964 15.86025 
 2011-11-01 -97.1419 18.5964 14.94619 
 2011-12-01 -97.1419 18.5964 13.08315 
 2012-01-01 -97.1419 18.5964  14.0397 
 2012-02-01 -97.1419 18.5964  15.0231 
 2012-03-01 -97.1419 18.5964 16.22061 
 2012-04-01 -97.1419 18.5964 17.16128 
 2012-05-01 -97.1419 18.5964 18.38418 
 2012-06-01 -97.1419 18.5964 18.10562 
 2012-07-01 -97.1419 18.5964 16.90518 
 2012-08-01 -97.1419 18.5964 17.73745 
 2012-09-01 -97.1419 18.5964  17.3522 
 2012-10-01 -97.1419 18.5964 16.44009 
 2012-11-01 -97.1419 18.5964 13.81118 
 2012-12-01 -97.1419 18.5964 14.39248 
 2013-01-01 -97.1419 18.5964 13.63272 
 2013-02-01 -97.1419 18.5964 16.32583 
 2013-03-01 -97.1419 18.5964 14.98403 
 2013-04-01 -97.1419 18.5964 19.29751 
 2013-05-01 -97.1419 18.5964 18.73916 
 2013-06-01 -97.1419 18.5964  18.3583 
 2013-07-01 -97.1419 18.5964 18.04897 
 2013-08-01 -97.1419 18.5964 17.85317 
 2013-09-01 -97.1419 18.5964 17.63638 
 2013-10-01 -97.1419 18.5964  17.3478 
 2013-11-01 -97.1419 18.5964 15.19106 
 2013-12-01 -97.1419 18.5964 14.45522 
 2014-01-01 -97.1419 18.5964 12.14077 
 2014-02-01 -97.1419 18.5964 15.55752 
 2014-03-01 -97.1419 18.5964 17.54775 
 2014-04-01 -97.1419 18.5964 18.56826 
 2014-05-01 -97.1419 18.5964 17.56997 
 2014-06-01 -97.1419 18.5964 18.21255 
 2014-07-01 -97.1419 18.5964 17.32852 
 2014-08-01 -97.1419 18.5964  18.1332 
 2014-09-01 -97.1419 18.5964 17.91567 
 2014-10-01 -97.1419 18.5964 16.58682 
 2014-11-01 -97.1419 18.5964 14.54605 
 2014-12-01 -97.1419 18.5964 13.77188 
 2015-01-01 -97.1419 18.5964 12.57168 
 2015-02-01 -97.1419 18.5964  14.0773 
 2015-03-01 -97.1419 18.5964 15.25039 
 2015-04-01 -97.1419 18.5964 18.72329 
 2015-05-01 -97.1419 18.5964 18.23965 
 2015-06-01 -97.1419 18.5964 17.96108 
 2015-07-01 -97.1419 18.5964 17.97793 
 2015-08-01 -97.1419 18.5964 18.37881 
 2015-09-01 -97.1419 18.5964 18.07144 
 2015-10-01 -97.1419 18.5964  17.7084 
 2015-11-01 -97.1419 18.5964 16.29263 
 2015-12-01 -97.1419 18.5964 15.29385 
 2016-01-01 -97.1419 18.5964 13.31729 
 2016-02-01 -97.1419 18.5964 12.94888 
 2016-03-01 -97.1419 18.5964  17.5458 
 2016-04-01 -97.1419 18.5964 18.97915 
 2016-05-01 -97.1419 18.5964 19.57925 
 2016-06-01 -97.1419 18.5964 18.33755 
 2016-07-01 -97.1419 18.5964 18.41641 
 2016-08-01 -97.1419 18.5964 18.45425 
 2016-09-01 -97.1419 18.5964 17.92178 
 2016-10-01 -97.1419 18.5964 17.01772 
 2016-11-01 -97.1419 18.5964 15.07192 
 2016-12-01 -97.1419 18.5964 15.45034 
 2017-01-01 -97.1419 18.5964 14.18691 
 2017-02-01 -97.1419 18.5964 15.63418 
 2017-03-01 -97.1419 18.5964 15.95571 
 2017-04-01 -97.1419 18.5964 18.14297 
 2017-05-01 -97.1419 18.5964 19.70767 
 2017-06-01 -97.1419 18.5964 18.48965 
 2017-07-01 -97.1419 18.5964 17.57461 
 2017-08-01 -97.1419 18.5964 18.63394 
 2017-09-01 -97.1419 18.5964 17.98452 
 2017-10-01 -97.1419 18.5964 16.71646 
 2017-11-01 -97.1419 18.5964 14.85317 
 2017-12-01 -97.1419 18.5964 12.95254 
 2018-01-01 -97.1419 18.5964 11.72793 
 2018-02-01 -97.1419 18.5964 15.36221 
 2018-03-01 -97.1419 18.5964 17.38589 
 2018-04-01 -97.1419 18.5964 17.83193 
 2018-05-01 -97.1419 18.5964 18.73672 
 2018-06-01 -97.1419 18.5964 18.16787 
 2018-07-01 -97.1419 18.5964 17.90054 
 2018-08-01 -97.1419 18.5964 17.72622 
 2018-09-01 -97.1419 18.5964  18.3229 
 2018-10-01 -97.1419 18.5964 17.38003 
 2018-11-01 -97.1419 18.5964 15.99258 
 2018-12-01 -97.1419 18.5964 14.10977 
 2019-01-01 -97.1419 18.5964 13.76162 
 2019-02-01 -97.1419 18.5964 17.43032 
 2019-03-01 -97.1419 18.5964 16.52798 
 2019-04-01 -97.1419 18.5964 18.31631 
 2019-05-01 -97.1419 18.5964 20.09463 
 2019-06-01 -97.1419 18.5964 18.86587 
 2019-07-01 -97.1419 18.5964 17.88931 
 2019-08-01 -97.1419 18.5964 18.75308 
 2019-09-01 -97.1419 18.5964 18.01431 
 2019-10-01 -97.1419 18.5964 17.73257 
 2019-11-01 -97.1419 18.5964 16.25112 
 2019-12-01 -97.1419 18.5964 14.69912 
 2020-01-01 -97.1419 18.5964 14.43203 
 2020-02-01 -97.1419 18.5964 15.94766 
 2020-03-01 -97.1419 18.5964 17.57314 
 2020-04-01 -97.1419 18.5964 20.39981 
 2020-05-01 -97.1419 18.5964 19.49453 
 2020-06-01 -97.1419 18.5964 18.71231 
 2020-07-01 -97.1419 18.5964 18.56997 
 2020-08-01 -97.1419 18.5964 18.25942 
 2020-09-01 -97.1419 18.5964 17.97744 
 2020-10-01 -97.1419 18.5964 17.09121 
 2020-11-01 -97.1419 18.5964   15.579 
 2020-12-01 -97.1419 18.5964 13.88149 
 2021-01-01 -97.1419 18.5964 14.29458 
 2021-02-01 -97.1419 18.5964  15.8832 
 2021-03-01 -97.1419 18.5964 17.03237 
 2021-04-01 -97.1419 18.5964 18.76968 
 2021-05-01 -97.1419 18.5964 18.92642 
 2021-06-01 -97.1419 18.5964  18.0397 
 2021-07-01 -97.1419 18.5964 17.99111 
 2021-08-01 -97.1419 18.5964 18.14785 
 2021-09-01 -97.1419 18.5964 18.02065 
 2021-10-01 -97.1419 18.5964 18.10635 
 2021-11-01 -97.1419 18.5964 14.40933 
 2021-12-01 -97.1419 18.5964  15.0519 
 2022-01-01 -97.1419 18.5964 13.95815 
 2022-02-01 -97.1419 18.5964 13.79385 
 2022-03-01 -97.1419 18.5964 16.34072 
 2022-04-01 -97.1419 18.5964 18.57144 
 2022-05-01 -97.1419 18.5964 19.38174 
 2022-06-01 -97.1419 18.5964 17.80581 
 2022-07-01 -97.1419 18.5964 18.30776 
 2022-08-01 -97.1419 18.5964  17.9584 
 2022-09-01 -97.1419 18.5964 17.06704 
 2022-10-01 -97.1419 18.5964 17.43325 
 2022-11-01 -97.1419 18.5964 16.69595 
 2022-12-01 -97.1419 18.5964 13.59707 
 2023-01-01 -97.1419 18.5964 14.37637 
 2023-02-01 -97.1419 18.5964 14.78066 
 2023-03-01 -97.1419 18.5964 17.57119 
 2023-04-01 -97.1419 18.5964 18.63638 
 2023-05-01 -97.1419 18.5964  18.5519 
 2023-06-01 -97.1419 18.5964 20.49526 
 2023-07-01 -97.1419 18.5964 18.42275 
 2023-08-01 -97.1419 18.5964 18.69106 
 2023-09-01 -97.1419 18.5964 18.91299 
 2023-10-01 -97.1419 18.5964 17.96328 
 2023-11-01 -97.1419 18.5964 16.40811 
 2023-12-01 -97.1419 18.5964  13.8334 
 2024-01-01 -97.1419 18.5964  15.9269 
 2024-02-01 -97.1419 18.5964 16.17227 
 2024-03-01 -97.1419 18.5964 19.55752 
 2024-04-01 -97.1419 18.5964 19.46768 
 2024-05-01 -97.1419 18.5964 22.41299 
 2024-06-01 -97.1419 18.5964 19.90347 
 2024-07-01 -97.1419 18.5964 18.53359 
 2024-08-01 -97.1419 18.5964 18.82168 
 2024-09-01 -97.1419 18.5964 18.87881 
 2024-10-01 -97.1419 18.5964  16.4855 
 2024-11-01 -97.1419 18.5964 16.65615 
 2024-12-01 -97.1419 18.5964 13.95986 
 2025-01-01 -97.1419 18.5964 14.11636 
 2025-02-01 -97.1419 18.5964 16.11904 
 2025-03-01 -97.1419 18.5964  18.1542 
 2025-04-01 -97.1419 18.5964 17.81558 
 2025-05-01 -97.1419 18.5964 19.73965 
 2025-06-01 -97.1419 18.5964 18.15005 
 2025-07-01 -97.1419 18.5964 17.79824 
 2025-08-01 -97.1419 18.5964 18.38101 
 2025-09-01 -97.1419 18.5964 18.57974 
 2025-10-01 -97.1419 18.5964 17.37002 
 2025-11-01 -97.1419 18.5964 15.70107 
 2025-12-01 -97.1419 18.5964  14.8959 
