#      date    lon    lat    value 
cdo(1) remapnn: Nearest neighbor weights from lonlat (9x9) to lonlat (1x1) grid
 1950-01-01 -97.5847 18.5825 12.57852 
 1950-02-01 -97.5847 18.5825 13.14321 
 1950-03-01 -97.5847 18.5825 15.83389 
 1950-04-01 -97.5847 18.5825 16.33438 
 1950-05-01 -97.5847 18.5825 18.00161 
 1950-06-01 -97.5847 18.5825 16.73037 
 1950-07-01 -97.5847 18.5825 16.17129 
 1950-08-01 -97.5847 18.5825 16.78091 
 1950-09-01 -97.5847 18.5825 17.41445 
 1950-10-01 -97.5847 18.5825 14.93008 
 1950-11-01 -97.5847 18.5825  12.5292 
 1950-12-01 -97.5847 18.5825 12.71206 
 1951-01-01 -97.5847 18.5825 13.65933 
 1951-02-01 -97.5847 18.5825 12.89272 
 1951-03-01 -97.5847 18.5825 16.07314 
 1951-04-01 -97.5847 18.5825 18.45254 
 1951-05-01 -97.5847 18.5825 18.00039 
 1951-06-01 -97.5847 18.5825 17.35952 
 1951-07-01 -97.5847 18.5825 16.96255 
 1951-08-01 -97.5847 18.5825  17.7648 
 1951-09-01 -97.5847 18.5825  17.0502 
 1951-10-01 -97.5847 18.5825 16.42495 
 1951-11-01 -97.5847 18.5825 14.71939 
 1951-12-01 -97.5847 18.5825 14.36563 
 1952-01-01 -97.5847 18.5825 13.60415 
 1952-02-01 -97.5847 18.5825 15.12905 
 1952-03-01 -97.5847 18.5825 18.49331 
 1952-04-01 -97.5847 18.5825 17.86367 
 1952-05-01 -97.5847 18.5825 17.72842 
 1952-06-01 -97.5847 18.5825 16.79507 
 1952-07-01 -97.5847 18.5825  16.3168 
 1952-08-01 -97.5847 18.5825 17.13394 
 1952-09-01 -97.5847 18.5825 16.50845 
 1952-10-01 -97.5847 18.5825 12.92422 
 1952-11-01 -97.5847 18.5825 14.24258 
 1952-12-01 -97.5847 18.5825 12.83511 
 1953-01-01 -97.5847 18.5825 12.32656 
 1953-02-01 -97.5847 18.5825 14.74429 
 1953-03-01 -97.5847 18.5825  16.3334 
 1953-04-01 -97.5847 18.5825 18.92666 
 1953-05-01 -97.5847 18.5825 19.37051 
 1953-06-01 -97.5847 18.5825 17.25698 
 1953-07-01 -97.5847 18.5825 16.50015 
 1953-08-01 -97.5847 18.5825 17.40127 
 1953-09-01 -97.5847 18.5825 16.59878 
 1953-10-01 -97.5847 18.5825 15.41274 
 1953-11-01 -97.5847 18.5825 13.27481 
 1953-12-01 -97.5847 18.5825 12.85171 
 1954-01-01 -97.5847 18.5825 12.65005 
 1954-02-01 -97.5847 18.5825  13.4811 
 1954-03-01 -97.5847 18.5825 16.41372 
 1954-04-01 -97.5847 18.5825 16.06387 
 1954-05-01 -97.5847 18.5825 17.04605 
 1954-06-01 -97.5847 18.5825 16.91226 
 1954-07-01 -97.5847 18.5825 15.54824 
 1954-08-01 -97.5847 18.5825  16.1918 
 1954-09-01 -97.5847 18.5825 15.96475 
 1954-10-01 -97.5847 18.5825 14.13711 
 1954-11-01 -97.5847 18.5825 13.28774 
 1954-12-01 -97.5847 18.5825 11.35024 
 1955-01-01 -97.5847 18.5825 12.34121 
 1955-02-01 -97.5847 18.5825 12.83486 
 1955-03-01 -97.5847 18.5825 15.60659 
 1955-04-01 -97.5847 18.5825   18.829 
 1955-05-01 -97.5847 18.5825 18.22158 
 1955-06-01 -97.5847 18.5825 17.21157 
 1955-07-01 -97.5847 18.5825 15.45815 
 1955-08-01 -97.5847 18.5825 16.31045 
 1955-09-01 -97.5847 18.5825 16.43814 
 1955-10-01 -97.5847 18.5825  14.4103 
 1955-11-01 -97.5847 18.5825 14.38955 
 1955-12-01 -97.5847 18.5825 12.17764 
 1956-01-01 -97.5847 18.5825 10.97231 
 1956-02-01 -97.5847 18.5825 15.20889 
 1956-03-01 -97.5847 18.5825 16.17178 
 1956-04-01 -97.5847 18.5825 18.03262 
 1956-05-01 -97.5847 18.5825 16.01455 
 1956-06-01 -97.5847 18.5825 15.48989 
 1956-07-01 -97.5847 18.5825 15.88931 
 1956-08-01 -97.5847 18.5825 16.74356 
 1956-09-01 -97.5847 18.5825 15.38174 
 1956-10-01 -97.5847 18.5825 15.13198 
 1956-11-01 -97.5847 18.5825 13.07632 
 1956-12-01 -97.5847 18.5825 12.23867 
 1957-01-01 -97.5847 18.5825 12.50015 
 1957-02-01 -97.5847 18.5825 13.87783 
 1957-03-01 -97.5847 18.5825 16.57559 
 1957-04-01 -97.5847 18.5825 17.49282 
 1957-05-01 -97.5847 18.5825 18.81216 
 1957-06-01 -97.5847 18.5825 17.78579 
 1957-07-01 -97.5847 18.5825 16.66397 
 1957-08-01 -97.5847 18.5825 17.08267 
 1957-09-01 -97.5847 18.5825 16.69106 
 1957-10-01 -97.5847 18.5825 15.15322 
 1957-11-01 -97.5847 18.5825 15.71694 
 1957-12-01 -97.5847 18.5825 12.07852 
 1958-01-01 -97.5847 18.5825 11.63955 
 1958-02-01 -97.5847 18.5825 13.27212 
 1958-03-01 -97.5847 18.5825 17.88662 
 1958-04-01 -97.5847 18.5825 19.43325 
 1958-05-01 -97.5847 18.5825 17.01406 
 1958-06-01 -97.5847 18.5825 17.34268 
 1958-07-01 -97.5847 18.5825 16.45083 
 1958-08-01 -97.5847 18.5825 17.49478 
 1958-09-01 -97.5847 18.5825 17.18252 
 1958-10-01 -97.5847 18.5825 16.24795 
 1958-11-01 -97.5847 18.5825 14.46865 
 1958-12-01 -97.5847 18.5825 12.62246 
 1959-01-01 -97.5847 18.5825 12.59536 
 1959-02-01 -97.5847 18.5825 15.33169 
 1959-03-01 -97.5847 18.5825 16.94229 
 1959-04-01 -97.5847 18.5825 16.77236 
 1959-05-01 -97.5847 18.5825 17.68569 
 1959-06-01 -97.5847 18.5825 16.74697 
 1959-07-01 -97.5847 18.5825 15.56533 
 1959-08-01 -97.5847 18.5825 16.40273 
 1959-09-01 -97.5847 18.5825 16.26626 
 1959-10-01 -97.5847 18.5825 15.88125 
 1959-11-01 -97.5847 18.5825 13.48355 
 1959-12-01 -97.5847 18.5825 13.17153 
 1960-01-01 -97.5847 18.5825 13.54727 
 1960-02-01 -97.5847 18.5825 14.34439 
 1960-03-01 -97.5847 18.5825  15.7377 
 1960-04-01 -97.5847 18.5825 17.26821 
 1960-05-01 -97.5847 18.5825 18.08901 
 1960-06-01 -97.5847 18.5825 17.56802 
 1960-07-01 -97.5847 18.5825 16.55947 
 1960-08-01 -97.5847 18.5825 16.63589 
 1960-09-01 -97.5847 18.5825  15.2665 
 1960-10-01 -97.5847 18.5825 16.40615 
 1960-11-01 -97.5847 18.5825 14.13003 
 1960-12-01 -97.5847 18.5825 12.07681 
 1961-01-01 -97.5847 18.5825 12.56094 
 1961-02-01 -97.5847 18.5825 14.31802 
 1961-03-01 -97.5847 18.5825 17.04824 
 1961-04-01 -97.5847 18.5825 18.22842 
 1961-05-01 -97.5847 18.5825 18.31484 
 1961-06-01 -97.5847 18.5825 16.94106 
 1961-07-01 -97.5847 18.5825 16.26382 
 1961-08-01 -97.5847 18.5825 16.47891 
 1961-09-01 -97.5847 18.5825 16.30923 
 1961-10-01 -97.5847 18.5825 15.28408 
 1961-11-01 -97.5847 18.5825 14.15518 
 1961-12-01 -97.5847 18.5825 13.34146 
 1962-01-01 -97.5847 18.5825 12.09439 
 1962-02-01 -97.5847 18.5825 15.92324 
 1962-03-01 -97.5847 18.5825 16.83267 
 1962-04-01 -97.5847 18.5825 16.31851 
 1962-05-01 -97.5847 18.5825 17.40005 
 1962-06-01 -97.5847 18.5825 17.99526 
 1962-07-01 -97.5847 18.5825 16.77578 
 1962-08-01 -97.5847 18.5825 17.41909 
 1962-09-01 -97.5847 18.5825 17.01309 
 1962-10-01 -97.5847 18.5825  16.0165 
 1962-11-01 -97.5847 18.5825 13.81826 
 1962-12-01 -97.5847 18.5825 13.41348 
 1963-01-01 -97.5847 18.5825 13.59048 
 1963-02-01 -97.5847 18.5825 13.36953 
 1963-03-01 -97.5847 18.5825 16.44106 
 1963-04-01 -97.5847 18.5825 18.36392 
 1963-05-01 -97.5847 18.5825 16.99014 
 1963-06-01 -97.5847 18.5825 17.63662 
 1963-07-01 -97.5847 18.5825 16.18569 
 1963-08-01 -97.5847 18.5825 16.94888 
 1963-09-01 -97.5847 18.5825 16.32437 
 1963-10-01 -97.5847 18.5825 14.45156 
 1963-11-01 -97.5847 18.5825 14.06802 
 1963-12-01 -97.5847 18.5825 12.16641 
 1964-01-01 -97.5847 18.5825 12.52603 
 1964-02-01 -97.5847 18.5825 15.53115 
 1964-03-01 -97.5847 18.5825  17.5126 
 1964-04-01 -97.5847 18.5825 18.76455 
 1964-05-01 -97.5847 18.5825 18.21499 
 1964-06-01 -97.5847 18.5825 16.80239 
 1964-07-01 -97.5847 18.5825   16.548 
 1964-08-01 -97.5847 18.5825  17.2145 
 1964-09-01 -97.5847 18.5825 17.02334 
 1964-10-01 -97.5847 18.5825 14.41616 
 1964-11-01 -97.5847 18.5825 14.46499 
 1964-12-01 -97.5847 18.5825 12.71084 
 1965-01-01 -97.5847 18.5825 11.81191 
 1965-02-01 -97.5847 18.5825 13.71279 
 1965-03-01 -97.5847 18.5825 16.41567 
 1965-04-01 -97.5847 18.5825 17.88101 
 1965-05-01 -97.5847 18.5825 17.78945 
 1965-06-01 -97.5847 18.5825 16.90737 
 1965-07-01 -97.5847 18.5825 15.63223 
 1965-08-01 -97.5847 18.5825 16.19375 
 1965-09-01 -97.5847 18.5825 17.08511 
 1965-10-01 -97.5847 18.5825 14.81704 
 1965-11-01 -97.5847 18.5825 14.40347 
 1965-12-01 -97.5847 18.5825 13.83999 
 1966-01-01 -97.5847 18.5825 12.46987 
 1966-02-01 -97.5847 18.5825 13.74844 
 1966-03-01 -97.5847 18.5825 14.23916 
 1966-04-01 -97.5847 18.5825 17.78018 
 1966-05-01 -97.5847 18.5825 17.89834 
 1966-06-01 -97.5847 18.5825 17.07022 
 1966-07-01 -97.5847 18.5825 17.26016 
 1966-08-01 -97.5847 18.5825  17.3666 
 1966-09-01 -97.5847 18.5825 16.77944 
 1966-10-01 -97.5847 18.5825 15.34561 
 1966-11-01 -97.5847 18.5825 12.36929 
 1966-12-01 -97.5847 18.5825 12.20303 
 1967-01-01 -97.5847 18.5825 12.23843 
 1967-02-01 -97.5847 18.5825 13.59609 
 1967-03-01 -97.5847 18.5825 14.88198 
 1967-04-01 -97.5847 18.5825 16.85195 
 1967-05-01 -97.5847 18.5825 17.99502 
 1967-06-01 -97.5847 18.5825 17.33755 
 1967-07-01 -97.5847 18.5825 16.39102 
 1967-08-01 -97.5847 18.5825  17.0021 
 1967-09-01 -97.5847 18.5825 16.43154 
 1967-10-01 -97.5847 18.5825 14.69375 
 1967-11-01 -97.5847 18.5825 13.85195 
 1967-12-01 -97.5847 18.5825 14.33731 
 1968-01-01 -97.5847 18.5825 12.39541 
 1968-02-01 -97.5847 18.5825  12.0729 
 1968-03-01 -97.5847 18.5825 14.01968 
 1968-04-01 -97.5847 18.5825 17.39834 
 1968-05-01 -97.5847 18.5825 17.39346 
 1968-06-01 -97.5847 18.5825 17.04946 
 1968-07-01 -97.5847 18.5825 16.38198 
 1968-08-01 -97.5847 18.5825 16.90566 
 1968-09-01 -97.5847 18.5825 17.28799 
 1968-10-01 -97.5847 18.5825 15.95718 
 1968-11-01 -97.5847 18.5825 15.04067 
 1968-12-01 -97.5847 18.5825 14.06704 
 1969-01-01 -97.5847 18.5825 13.79629 
 1969-02-01 -97.5847 18.5825 16.15103 
 1969-03-01 -97.5847 18.5825 16.51748 
 1969-04-01 -97.5847 18.5825 18.91714 
 1969-05-01 -97.5847 18.5825 19.13418 
 1969-06-01 -97.5847 18.5825 19.31899 
 1969-07-01 -97.5847 18.5825 17.65811 
 1969-08-01 -97.5847 18.5825 17.13589 
 1969-09-01 -97.5847 18.5825 16.44644 
 1969-10-01 -97.5847 18.5825 17.02481 
 1969-11-01 -97.5847 18.5825 14.12734 
 1969-12-01 -97.5847 18.5825 13.78384 
 1970-01-01 -97.5847 18.5825  13.3312 
 1970-02-01 -97.5847 18.5825  13.0541 
 1970-03-01 -97.5847 18.5825 17.16689 
 1970-04-01 -97.5847 18.5825 19.55898 
 1970-05-01 -97.5847 18.5825 17.44131 
 1970-06-01 -97.5847 18.5825 17.46255 
 1970-07-01 -97.5847 18.5825 17.02041 
 1970-08-01 -97.5847 18.5825 17.67495 
 1970-09-01 -97.5847 18.5825 17.26406 
 1970-10-01 -97.5847 18.5825 17.21719 
 1970-11-01 -97.5847 18.5825 13.43765 
 1970-12-01 -97.5847 18.5825 13.32534 
 1971-01-01 -97.5847 18.5825 14.39932 
 1971-02-01 -97.5847 18.5825 14.57412 
 1971-03-01 -97.5847 18.5825 16.33193 
 1971-04-01 -97.5847 18.5825 16.65396 
 1971-05-01 -97.5847 18.5825 18.77798 
 1971-06-01 -97.5847 18.5825 17.08169 
 1971-07-01 -97.5847 18.5825 16.55166 
 1971-08-01 -97.5847 18.5825 16.95767 
 1971-09-01 -97.5847 18.5825 17.53311 
 1971-10-01 -97.5847 18.5825 16.88076 
 1971-11-01 -97.5847 18.5825 15.09048 
 1971-12-01 -97.5847 18.5825 13.95986 
 1972-01-01 -97.5847 18.5825 14.06777 
 1972-02-01 -97.5847 18.5825 13.56069 
 1972-03-01 -97.5847 18.5825 16.48379 
 1972-04-01 -97.5847 18.5825  18.0436 
 1972-05-01 -97.5847 18.5825 18.04922 
 1972-06-01 -97.5847 18.5825 17.37856 
 1972-07-01 -97.5847 18.5825 16.66689 
 1972-08-01 -97.5847 18.5825 16.72451 
 1972-09-01 -97.5847 18.5825 17.27163 
 1972-10-01 -97.5847 18.5825 16.78726 
 1972-11-01 -97.5847 18.5825 16.74331 
 1972-12-01 -97.5847 18.5825 13.57925 
 1973-01-01 -97.5847 18.5825 13.63906 
 1973-02-01 -97.5847 18.5825 14.63198 
 1973-03-01 -97.5847 18.5825 19.48086 
 1973-04-01 -97.5847 18.5825 18.09072 
 1973-05-01 -97.5847 18.5825 18.47647 
 1973-06-01 -97.5847 18.5825 17.50625 
 1973-07-01 -97.5847 18.5825 16.59585 
 1973-08-01 -97.5847 18.5825 16.82168 
 1973-09-01 -97.5847 18.5825 16.69839 
 1973-10-01 -97.5847 18.5825 15.91299 
 1973-11-01 -97.5847 18.5825   15.152 
 1973-12-01 -97.5847 18.5825 12.42861 
 1974-01-01 -97.5847 18.5825 14.06851 
 1974-02-01 -97.5847 18.5825 14.33315 
 1974-03-01 -97.5847 18.5825 16.10903 
 1974-04-01 -97.5847 18.5825 16.61025 
 1974-05-01 -97.5847 18.5825 17.99746 
 1974-06-01 -97.5847 18.5825 16.69229 
 1974-07-01 -97.5847 18.5825 15.85244 
 1974-08-01 -97.5847 18.5825 17.37344 
 1974-09-01 -97.5847 18.5825 16.38735 
 1974-10-01 -97.5847 18.5825   14.704 
 1974-11-01 -97.5847 18.5825 14.08047 
 1974-12-01 -97.5847 18.5825 14.37466 
 1975-01-01 -97.5847 18.5825 12.77773 
 1975-02-01 -97.5847 18.5825 15.55239 
 1975-03-01 -97.5847 18.5825  18.1188 
 1975-04-01 -97.5847 18.5825 19.16079 
 1975-05-01 -97.5847 18.5825 17.98355 
 1975-06-01 -97.5847 18.5825 16.99771 
 1975-07-01 -97.5847 18.5825 16.45815 
 1975-08-01 -97.5847 18.5825 17.31924 
 1975-09-01 -97.5847 18.5825   16.298 
 1975-10-01 -97.5847 18.5825 16.17837 
 1975-11-01 -97.5847 18.5825 14.97524 
 1975-12-01 -97.5847 18.5825 12.81191 
 1976-01-01 -97.5847 18.5825 11.93569 
 1976-02-01 -97.5847 18.5825 12.88418 
 1976-03-01 -97.5847 18.5825 17.44888 
 1976-04-01 -97.5847 18.5825 17.75381 
 1976-05-01 -97.5847 18.5825 17.57632 
 1976-06-01 -97.5847 18.5825 17.38931 
 1976-07-01 -97.5847 18.5825  16.9479 
 1976-08-01 -97.5847 18.5825 17.08315 
 1976-09-01 -97.5847 18.5825 17.87148 
 1976-10-01 -97.5847 18.5825  16.2521 
 1976-11-01 -97.5847 18.5825 14.21646 
 1976-12-01 -97.5847 18.5825 13.37661 
 1977-01-01 -97.5847 18.5825 13.97231 
 1977-02-01 -97.5847 18.5825 13.97598 
 1977-03-01 -97.5847 18.5825 17.83242 
 1977-04-01 -97.5847 18.5825 16.14419 
 1977-05-01 -97.5847 18.5825 18.05557 
 1977-06-01 -97.5847 18.5825 17.17886 
 1977-07-01 -97.5847 18.5825 17.29165 
 1977-08-01 -97.5847 18.5825  18.2875 
 1977-09-01 -97.5847 18.5825 18.21597 
 1977-10-01 -97.5847 18.5825 17.36392 
 1977-11-01 -97.5847 18.5825 16.21133 
 1977-12-01 -97.5847 18.5825 15.26895 
 1978-01-01 -97.5847 18.5825 14.01748 
 1978-02-01 -97.5847 18.5825 14.39907 
 1978-03-01 -97.5847 18.5825 16.46939 
 1978-04-01 -97.5847 18.5825 19.19888 
 1978-05-01 -97.5847 18.5825 19.70669 
 1978-06-01 -97.5847 18.5825 17.60488 
 1978-07-01 -97.5847 18.5825  17.9457 
 1978-08-01 -97.5847 18.5825 18.31387 
 1978-09-01 -97.5847 18.5825 17.68496 
 1978-10-01 -97.5847 18.5825 16.04067 
 1978-11-01 -97.5847 18.5825 16.29116 
 1978-12-01 -97.5847 18.5825 15.03677 
 1979-01-01 -97.5847 18.5825 13.88564 
 1979-02-01 -97.5847 18.5825 15.38589 
 1979-03-01 -97.5847 18.5825 17.70889 
 1979-04-01 -97.5847 18.5825 19.14663 
 1979-05-01 -97.5847 18.5825 19.01553 
 1979-06-01 -97.5847 18.5825 17.90151 
 1979-07-01 -97.5847 18.5825 17.89248 
 1979-08-01 -97.5847 18.5825 17.01602 
 1979-09-01 -97.5847 18.5825 16.91152 
 1979-10-01 -97.5847 18.5825 17.36294 
 1979-11-01 -97.5847 18.5825 14.48745 
 1979-12-01 -97.5847 18.5825 14.11856 
 1980-01-01 -97.5847 18.5825 14.93521 
 1980-02-01 -97.5847 18.5825 15.26748 
 1980-03-01 -97.5847 18.5825 18.05728 
 1980-04-01 -97.5847 18.5825 17.95962 
 1980-05-01 -97.5847 18.5825 19.85317 
 1980-06-01 -97.5847 18.5825 18.29751 
 1980-07-01 -97.5847 18.5825 18.74307 
 1980-08-01 -97.5847 18.5825  18.5939 
 1980-09-01 -97.5847 18.5825 18.23355 
 1980-10-01 -97.5847 18.5825 17.20205 
 1980-11-01 -97.5847 18.5825 15.36807 
 1980-12-01 -97.5847 18.5825  13.5209 
 1981-01-01 -97.5847 18.5825 13.12148 
 1981-02-01 -97.5847 18.5825 14.40591 
 1981-03-01 -97.5847 18.5825 17.47549 
 1981-04-01 -97.5847 18.5825 18.08633 
 1981-05-01 -97.5847 18.5825 20.00405 
 1981-06-01 -97.5847 18.5825 18.15396 
 1981-07-01 -97.5847 18.5825  17.2084 
 1981-08-01 -97.5847 18.5825 17.95791 
 1981-09-01 -97.5847 18.5825 17.65981 
 1981-10-01 -97.5847 18.5825 17.86147 
 1981-11-01 -97.5847 18.5825  15.2543 
 1981-12-01 -97.5847 18.5825 15.60806 
 1982-01-01 -97.5847 18.5825 15.81143 
 1982-02-01 -97.5847 18.5825  15.8334 
 1982-03-01 -97.5847 18.5825 17.69912 
 1982-04-01 -97.5847 18.5825 19.88687 
 1982-05-01 -97.5847 18.5825 19.24893 
 1982-06-01 -97.5847 18.5825  19.5314 
 1982-07-01 -97.5847 18.5825 17.55703 
 1982-08-01 -97.5847 18.5825 17.76968 
 1982-09-01 -97.5847 18.5825 17.91616 
 1982-10-01 -97.5847 18.5825 16.53408 
 1982-11-01 -97.5847 18.5825 15.41641 
 1982-12-01 -97.5847 18.5825 14.41543 
 1983-01-01 -97.5847 18.5825 13.10024 
 1983-02-01 -97.5847 18.5825 14.49551 
 1983-03-01 -97.5847 18.5825 16.70059 
 1983-04-01 -97.5847 18.5825 19.12515 
 1983-05-01 -97.5847 18.5825 21.12393 
 1983-06-01 -97.5847 18.5825 19.77822 
 1983-07-01 -97.5847 18.5825 17.44375 
 1983-08-01 -97.5847 18.5825 18.51821 
 1983-09-01 -97.5847 18.5825 18.13906 
 1983-10-01 -97.5847 18.5825 16.73379 
 1983-11-01 -97.5847 18.5825 16.45474 
 1983-12-01 -97.5847 18.5825 14.79238 
 1984-01-01 -97.5847 18.5825 13.39053 
 1984-02-01 -97.5847 18.5825  15.1166 
 1984-03-01 -97.5847 18.5825 17.65347 
 1984-04-01 -97.5847 18.5825 20.65249 
 1984-05-01 -97.5847 18.5825 17.92153 
 1984-06-01 -97.5847 18.5825 17.46646 
 1984-07-01 -97.5847 18.5825  16.9064 
 1984-08-01 -97.5847 18.5825 16.76577 
 1984-09-01 -97.5847 18.5825  16.6144 
 1984-10-01 -97.5847 18.5825 17.29092 
 1984-11-01 -97.5847 18.5825 14.84414 
 1984-12-01 -97.5847 18.5825 13.82681 
 1985-01-01 -97.5847 18.5825 13.89224 
 1985-02-01 -97.5847 18.5825 14.64712 
 1985-03-01 -97.5847 18.5825 16.66104 
 1985-04-01 -97.5847 18.5825 17.39395 
 1985-05-01 -97.5847 18.5825 18.50552 
 1985-06-01 -97.5847 18.5825 17.92275 
 1985-07-01 -97.5847 18.5825 16.99917 
 1985-08-01 -97.5847 18.5825 17.90371 
 1985-09-01 -97.5847 18.5825 17.75845 
 1985-10-01 -97.5847 18.5825 16.99893 
 1985-11-01 -97.5847 18.5825 15.61465 
 1985-12-01 -97.5847 18.5825 14.10317 
 1986-01-01 -97.5847 18.5825 12.22329 
 1986-02-01 -97.5847 18.5825 15.62368 
 1986-03-01 -97.5847 18.5825 15.02896 
 1986-04-01 -97.5847 18.5825 18.04482 
 1986-05-01 -97.5847 18.5825 18.44985 
 1986-06-01 -97.5847 18.5825  17.8478 
 1986-07-01 -97.5847 18.5825  16.9855 
 1986-08-01 -97.5847 18.5825 18.11831 
 1986-09-01 -97.5847 18.5825 17.64272 
 1986-10-01 -97.5847 18.5825 16.82437 
 1986-11-01 -97.5847 18.5825 16.44839 
 1986-12-01 -97.5847 18.5825 14.82974 
 1987-01-01 -97.5847 18.5825  13.9772 
 1987-02-01 -97.5847 18.5825 16.11221 
 1987-03-01 -97.5847 18.5825  17.4855 
 1987-04-01 -97.5847 18.5825 17.21353 
 1987-05-01 -97.5847 18.5825  18.3002 
 1987-06-01 -97.5847 18.5825 18.46841 
 1987-07-01 -97.5847 18.5825 17.40811 
 1987-08-01 -97.5847 18.5825  18.1791 
 1987-09-01 -97.5847 18.5825 19.00015 
 1987-10-01 -97.5847 18.5825 15.46939 
 1987-11-01 -97.5847 18.5825 15.62881 
 1987-12-01 -97.5847 18.5825 16.02969 
 1988-01-01 -97.5847 18.5825 13.15689 
 1988-02-01 -97.5847 18.5825 15.10977 
 1988-03-01 -97.5847 18.5825 16.67471 
 1988-04-01 -97.5847 18.5825 19.72647 
 1988-05-01 -97.5847 18.5825 19.71914 
 1988-06-01 -97.5847 18.5825  18.2814 
 1988-07-01 -97.5847 18.5825 18.14761 
 1988-08-01 -97.5847 18.5825 17.97891 
 1988-09-01 -97.5847 18.5825 17.46523 
 1988-10-01 -97.5847 18.5825 16.11416 
 1988-11-01 -97.5847 18.5825 15.97866 
 1988-12-01 -97.5847 18.5825 13.88174 
 1989-01-01 -97.5847 18.5825 14.55825 
 1989-02-01 -97.5847 18.5825 13.92397 
 1989-03-01 -97.5847 18.5825 15.57022 
 1989-04-01 -97.5847 18.5825  17.2582 
 1989-05-01 -97.5847 18.5825  18.8583 
 1989-06-01 -97.5847 18.5825 18.28262 
 1989-07-01 -97.5847 18.5825 17.39785 
 1989-08-01 -97.5847 18.5825 18.26064 
 1989-09-01 -97.5847 18.5825 17.23452 
 1989-10-01 -97.5847 18.5825 16.59707 
 1989-11-01 -97.5847 18.5825 16.60659 
 1989-12-01 -97.5847 18.5825 13.90908 
 1990-01-01 -97.5847 18.5825 14.61172 
 1990-02-01 -97.5847 18.5825 15.01162 
 1990-03-01 -97.5847 18.5825 16.23599 
 1990-04-01 -97.5847 18.5825 17.81314 
 1990-05-01 -97.5847 18.5825 18.88442 
 1990-06-01 -97.5847 18.5825 18.40347 
 1990-07-01 -97.5847 18.5825 18.09829 
 1990-08-01 -97.5847 18.5825 18.31069 
 1990-09-01 -97.5847 18.5825 18.28872 
 1990-10-01 -97.5847 18.5825 16.99209 
 1990-11-01 -97.5847 18.5825 15.54067 
 1990-12-01 -97.5847 18.5825 14.18887 
 1991-01-01 -97.5847 18.5825 15.46255 
 1991-02-01 -97.5847 18.5825 15.37808 
 1991-03-01 -97.5847 18.5825 18.95107 
 1991-04-01 -97.5847 18.5825 19.80557 
 1991-05-01 -97.5847 18.5825 18.87759 
 1991-06-01 -97.5847 18.5825  18.4374 
 1991-07-01 -97.5847 18.5825 17.14004 
 1991-08-01 -97.5847 18.5825 18.45986 
 1991-09-01 -97.5847 18.5825 17.06387 
 1991-10-01 -97.5847 18.5825 16.45352 
 1991-11-01 -97.5847 18.5825 14.56655 
 1991-12-01 -97.5847 18.5825 14.04629 
 1992-01-01 -97.5847 18.5825 13.88467 
 1992-02-01 -97.5847 18.5825 14.75112 
 1992-03-01 -97.5847 18.5825 17.95571 
 1992-04-01 -97.5847 18.5825 17.95913 
 1992-05-01 -97.5847 18.5825 16.99697 
 1992-06-01 -97.5847 18.5825 18.72451 
 1992-07-01 -97.5847 18.5825 17.60586 
 1992-08-01 -97.5847 18.5825 18.06143 
 1992-09-01 -97.5847 18.5825 17.48477 
 1992-10-01 -97.5847 18.5825 17.02285 
 1992-11-01 -97.5847 18.5825 16.20376 
 1992-12-01 -97.5847 18.5825 14.76016 
 1993-01-01 -97.5847 18.5825 14.94033 
 1993-02-01 -97.5847 18.5825 15.82925 
 1993-03-01 -97.5847 18.5825 17.01333 
 1993-04-01 -97.5847 18.5825 18.88247 
 1993-05-01 -97.5847 18.5825 18.68252 
 1993-06-01 -97.5847 18.5825 18.77188 
 1993-07-01 -97.5847 18.5825 17.42105 
 1993-08-01 -97.5847 18.5825 17.78506 
 1993-09-01 -97.5847 18.5825 17.58633 
 1993-10-01 -97.5847 18.5825  17.6647 
 1993-11-01 -97.5847 18.5825 15.55239 
 1993-12-01 -97.5847 18.5825  14.3395 
 1994-01-01 -97.5847 18.5825  14.2853 
 1994-02-01 -97.5847 18.5825  15.4562 
 1994-03-01 -97.5847 18.5825 17.90933 
 1994-04-01 -97.5847 18.5825 18.57022 
 1994-05-01 -97.5847 18.5825  19.0021 
 1994-06-01 -97.5847 18.5825  17.6752 
 1994-07-01 -97.5847 18.5825 17.93008 
 1994-08-01 -97.5847 18.5825 17.92959 
 1994-09-01 -97.5847 18.5825 17.85049 
 1994-10-01 -97.5847 18.5825 18.21768 
 1994-11-01 -97.5847 18.5825 16.64175 
 1994-12-01 -97.5847 18.5825 15.15884 
 1995-01-01 -97.5847 18.5825 15.14785 
 1995-02-01 -97.5847 18.5825 16.33804 
 1995-03-01 -97.5847 18.5825 17.64199 
 1995-04-01 -97.5847 18.5825 19.78994 
 1995-05-01 -97.5847 18.5825 20.29727 
 1995-06-01 -97.5847 18.5825 19.53506 
 1995-07-01 -97.5847 18.5825 18.03286 
 1995-08-01 -97.5847 18.5825 18.21157 
 1995-09-01 -97.5847 18.5825 17.96792 
 1995-10-01 -97.5847 18.5825  18.1459 
 1995-11-01 -97.5847 18.5825  16.0209 
 1995-12-01 -97.5847 18.5825 14.70522 
 1996-01-01 -97.5847 18.5825 13.29043 
 1996-02-01 -97.5847 18.5825 15.44937 
 1996-03-01 -97.5847 18.5825 16.68081 
 1996-04-01 -97.5847 18.5825 18.97866 
 1996-05-01 -97.5847 18.5825 19.85269 
 1996-06-01 -97.5847 18.5825 18.07998 
 1996-07-01 -97.5847 18.5825 18.01504 
 1996-08-01 -97.5847 18.5825 17.87881 
 1996-09-01 -97.5847 18.5825   18.975 
 1996-10-01 -97.5847 18.5825 17.12173 
 1996-11-01 -97.5847 18.5825 14.64858 
 1996-12-01 -97.5847 18.5825  14.6022 
 1997-01-01 -97.5847 18.5825  14.1979 
 1997-02-01 -97.5847 18.5825 15.04458 
 1997-03-01 -97.5847 18.5825 16.77456 
 1997-04-01 -97.5847 18.5825 18.00747 
 1997-05-01 -97.5847 18.5825 18.10244 
 1997-06-01 -97.5847 18.5825  18.8146 
 1997-07-01 -97.5847 18.5825 18.40054 
 1997-08-01 -97.5847 18.5825 18.08389 
 1997-09-01 -97.5847 18.5825 18.13418 
 1997-10-01 -97.5847 18.5825  16.8207 
 1997-11-01 -97.5847 18.5825 16.05972 
 1997-12-01 -97.5847 18.5825 14.69668 
 1998-01-01 -97.5847 18.5825 14.72085 
 1998-02-01 -97.5847 18.5825 15.85098 
 1998-03-01 -97.5847 18.5825 17.49478 
 1998-04-01 -97.5847 18.5825 21.01382 
 1998-05-01 -97.5847 18.5825 21.32925 
 1998-06-01 -97.5847 18.5825 20.09219 
 1998-07-01 -97.5847 18.5825  18.2814 
 1998-08-01 -97.5847 18.5825 19.02798 
 1998-09-01 -97.5847 18.5825 18.06948 
 1998-10-01 -97.5847 18.5825 16.78897 
 1998-11-01 -97.5847 18.5825  15.7582 
 1998-12-01 -97.5847 18.5825  13.7604 
 1999-01-01 -97.5847 18.5825 13.13833 
 1999-02-01 -97.5847 18.5825 14.47964 
 1999-03-01 -97.5847 18.5825 16.67666 
 1999-04-01 -97.5847 18.5825 19.09902 
 1999-05-01 -97.5847 18.5825 18.61978 
 1999-06-01 -97.5847 18.5825 18.54385 
 1999-07-01 -97.5847 18.5825   17.204 
 1999-08-01 -97.5847 18.5825 18.63564 
 1999-09-01 -97.5847 18.5825 17.33462 
 1999-10-01 -97.5847 18.5825 15.37539 
 1999-11-01 -97.5847 18.5825 13.53872 
 1999-12-01 -97.5847 18.5825  12.6896 
 2000-01-01 -97.5847 18.5825   13.225 
 2000-02-01 -97.5847 18.5825 14.56753 
 2000-03-01 -97.5847 18.5825 17.61611 
 2000-04-01 -97.5847 18.5825 17.90054 
 2000-05-01 -97.5847 18.5825 17.83633 
 2000-06-01 -97.5847 18.5825 17.50796 
 2000-07-01 -97.5847 18.5825 17.58975 
 2000-08-01 -97.5847 18.5825 17.43643 
 2000-09-01 -97.5847 18.5825 18.06436 
 2000-10-01 -97.5847 18.5825 16.52603 
 2000-11-01 -97.5847 18.5825 16.65591 
 2000-12-01 -97.5847 18.5825 12.96865 
 2001-01-01 -97.5847 18.5825  13.5917 
 2001-02-01 -97.5847 18.5825 14.58315 
 2001-03-01 -97.5847 18.5825 16.84634 
 2001-04-01 -97.5847 18.5825 18.17983 
 2001-05-01 -97.5847 18.5825 18.66226 
 2001-06-01 -97.5847 18.5825 17.28555 
 2001-07-01 -97.5847 18.5825  18.0646 
 2001-08-01 -97.5847 18.5825 17.69912 
 2001-09-01 -97.5847 18.5825 17.56167 
 2001-10-01 -97.5847 18.5825 16.22988 
 2001-11-01 -97.5847 18.5825 14.61856 
 2001-12-01 -97.5847 18.5825 14.18374 
 2002-01-01 -97.5847 18.5825 13.90176 
 2002-02-01 -97.5847 18.5825 14.26895 
 2002-03-01 -97.5847 18.5825 16.94058 
 2002-04-01 -97.5847 18.5825 17.80361 
 2002-05-01 -97.5847 18.5825 18.39834 
 2002-06-01 -97.5847 18.5825 17.96035 
 2002-07-01 -97.5847 18.5825 17.46328 
 2002-08-01 -97.5847 18.5825 18.03384 
 2002-09-01 -97.5847 18.5825  18.1398 
 2002-10-01 -97.5847 18.5825  17.9667 
 2002-11-01 -97.5847 18.5825 14.60391 
 2002-12-01 -97.5847 18.5825 14.05117 
 2003-01-01 -97.5847 18.5825 12.71694 
 2003-02-01 -97.5847 18.5825 16.21499 
 2003-03-01 -97.5847 18.5825 17.95742 
 2003-04-01 -97.5847 18.5825 19.57803 
 2003-05-01 -97.5847 18.5825 20.06314 
 2003-06-01 -97.5847 18.5825 18.59146 
 2003-07-01 -97.5847 18.5825 18.06094 
 2003-08-01 -97.5847 18.5825 18.20278 
 2003-09-01 -97.5847 18.5825 18.34878 
 2003-10-01 -97.5847 18.5825 17.70474 
 2003-11-01 -97.5847 18.5825 15.79287 
 2003-12-01 -97.5847 18.5825 12.42666 
 2004-01-01 -97.5847 18.5825 13.18032 
 2004-02-01 -97.5847 18.5825 14.80703 
 2004-03-01 -97.5847 18.5825 15.91445 
 2004-04-01 -97.5847 18.5825 18.24014 
 2004-05-01 -97.5847 18.5825 18.03115 
 2004-06-01 -97.5847 18.5825 17.72012 
 2004-07-01 -97.5847 18.5825 18.16201 
 2004-08-01 -97.5847 18.5825 18.38223 
 2004-09-01 -97.5847 18.5825  18.1415 
 2004-10-01 -97.5847 18.5825 18.04141 
 2004-11-01 -97.5847 18.5825 15.35024 
 2004-12-01 -97.5847 18.5825 12.91445 
 2005-01-01 -97.5847 18.5825 12.78774 
 2005-02-01 -97.5847 18.5825 15.19302 
 2005-03-01 -97.5847 18.5825 18.14297 
 2005-04-01 -97.5847 18.5825 18.85391 
 2005-05-01 -97.5847 18.5825 18.49917 
 2005-06-01 -97.5847 18.5825 18.97842 
 2005-07-01 -97.5847 18.5825 18.69741 
 2005-08-01 -97.5847 18.5825 18.08755 
 2005-09-01 -97.5847 18.5825 18.02285 
 2005-10-01 -97.5847 18.5825 16.99941 
 2005-11-01 -97.5847 18.5825 15.12808 
 2005-12-01 -97.5847 18.5825 14.89785 
 2006-01-01 -97.5847 18.5825 13.84829 
 2006-02-01 -97.5847 18.5825 14.86611 
 2006-03-01 -97.5847 18.5825 16.88223 
 2006-04-01 -97.5847 18.5825  18.5624 
 2006-05-01 -97.5847 18.5825 18.23867 
 2006-06-01 -97.5847 18.5825 17.83389 
 2006-07-01 -97.5847 18.5825 17.77481 
 2006-08-01 -97.5847 18.5825 18.13394 
 2006-09-01 -97.5847 18.5825 18.99722 
 2006-10-01 -97.5847 18.5825 18.25942 
 2006-11-01 -97.5847 18.5825 14.68691 
 2006-12-01 -97.5847 18.5825 14.47671 
 2007-01-01 -97.5847 18.5825 14.38735 
 2007-02-01 -97.5847 18.5825 15.94619 
 2007-03-01 -97.5847 18.5825 16.56314 
 2007-04-01 -97.5847 18.5825  18.2853 
 2007-05-01 -97.5847 18.5825 18.05264 
 2007-06-01 -97.5847 18.5825  18.4501 
 2007-07-01 -97.5847 18.5825 18.28433 
 2007-08-01 -97.5847 18.5825  18.3019 
 2007-09-01 -97.5847 18.5825 17.75137 
 2007-10-01 -97.5847 18.5825 16.80557 
 2007-11-01 -97.5847 18.5825 14.77896 
 2007-12-01 -97.5847 18.5825 14.82925 
 2008-01-01 -97.5847 18.5825 13.87075 
 2008-02-01 -97.5847 18.5825 16.54458 
 2008-03-01 -97.5847 18.5825 16.74746 
 2008-04-01 -97.5847 18.5825   18.704 
 2008-05-01 -97.5847 18.5825 19.42251 
 2008-06-01 -97.5847 18.5825 17.78799 
 2008-07-01 -97.5847 18.5825 17.43545 
 2008-08-01 -97.5847 18.5825 19.02554 
 2008-09-01 -97.5847 18.5825 17.74551 
 2008-10-01 -97.5847 18.5825 16.31094 
 2008-11-01 -97.5847 18.5825  14.8915 
 2008-12-01 -97.5847 18.5825 13.96523 
 2009-01-01 -97.5847 18.5825  13.8627 
 2009-02-01 -97.5847 18.5825 14.55239 
 2009-03-01 -97.5847 18.5825 16.47524 
 2009-04-01 -97.5847 18.5825 18.99673 
 2009-05-01 -97.5847 18.5825 18.87197 
 2009-06-01 -97.5847 18.5825 18.98062 
 2009-07-01 -97.5847 18.5825 18.14907 
 2009-08-01 -97.5847 18.5825 18.47647 
 2009-09-01 -97.5847 18.5825 18.00894 
 2009-10-01 -97.5847 18.5825 18.34512 
 2009-11-01 -97.5847 18.5825 15.61245 
 2009-12-01 -97.5847 18.5825 15.15103 
 2010-01-01 -97.5847 18.5825 12.61758 
 2010-02-01 -97.5847 18.5825 14.11172 
 2010-03-01 -97.5847 18.5825 17.13052 
 2010-04-01 -97.5847 18.5825 19.19302 
 2010-05-01 -97.5847 18.5825 20.40713 
 2010-06-01 -97.5847 18.5825 19.76382 
 2010-07-01 -97.5847 18.5825 18.08145 
 2010-08-01 -97.5847 18.5825 18.31362 
 2010-09-01 -97.5847 18.5825 17.88833 
 2010-10-01 -97.5847 18.5825 16.67813 
 2010-11-01 -97.5847 18.5825 14.67227 
 2010-12-01 -97.5847 18.5825 12.63223 
 2011-01-01 -97.5847 18.5825 14.98379 
 2011-02-01 -97.5847 18.5825 15.63467 
 2011-03-01 -97.5847 18.5825 17.12271 
 2011-04-01 -97.5847 18.5825 19.49868 
 2011-05-01 -97.5847 18.5825 19.53018 
 2011-06-01 -97.5847 18.5825 18.30313 
 2011-07-01 -97.5847 18.5825 17.55874 
 2011-08-01 -97.5847 18.5825 18.99722 
 2011-09-01 -97.5847 18.5825 18.28628 
 2011-10-01 -97.5847 18.5825 16.38174 
 2011-11-01 -97.5847 18.5825 15.56143 
 2011-12-01 -97.5847 18.5825 13.71401 
 2012-01-01 -97.5847 18.5825 14.61001 
 2012-02-01 -97.5847 18.5825 15.45864 
 2012-03-01 -97.5847 18.5825 16.77139 
 2012-04-01 -97.5847 18.5825 17.66519 
 2012-05-01 -97.5847 18.5825 18.78652 
 2012-06-01 -97.5847 18.5825 18.19741 
 2012-07-01 -97.5847 18.5825 17.27041 
 2012-08-01 -97.5847 18.5825 18.05386 
 2012-09-01 -97.5847 18.5825 17.77993 
 2012-10-01 -97.5847 18.5825 17.00259 
 2012-11-01 -97.5847 18.5825 14.33853 
 2012-12-01 -97.5847 18.5825 14.83193 
 2013-01-01 -97.5847 18.5825 14.16787 
 2013-02-01 -97.5847 18.5825 17.01724 
 2013-03-01 -97.5847 18.5825 15.71646 
 2013-04-01 -97.5847 18.5825 19.96353 
 2013-05-01 -97.5847 18.5825 19.44033 
 2013-06-01 -97.5847 18.5825 18.73721 
 2013-07-01 -97.5847 18.5825 18.55874 
 2013-08-01 -97.5847 18.5825 18.45864 
 2013-09-01 -97.5847 18.5825 17.74771 
 2013-10-01 -97.5847 18.5825 17.80874 
 2013-11-01 -97.5847 18.5825 15.97231 
 2013-12-01 -97.5847 18.5825 15.04312 
 2014-01-01 -97.5847 18.5825  12.9396 
 2014-02-01 -97.5847 18.5825 16.33486 
 2014-03-01 -97.5847 18.5825 18.33096 
 2014-04-01 -97.5847 18.5825 19.26943 
 2014-05-01 -97.5847 18.5825 17.85122 
 2014-06-01 -97.5847 18.5825 18.32778 
 2014-07-01 -97.5847 18.5825 17.48477 
 2014-08-01 -97.5847 18.5825 18.65469 
 2014-09-01 -97.5847 18.5825 18.47231 
 2014-10-01 -97.5847 18.5825 17.04385 
 2014-11-01 -97.5847 18.5825 15.09683 
 2014-12-01 -97.5847 18.5825 14.33438 
 2015-01-01 -97.5847 18.5825  13.2377 
 2015-02-01 -97.5847 18.5825  14.8898 
 2015-03-01 -97.5847 18.5825 15.87539 
 2015-04-01 -97.5847 18.5825  18.8854 
 2015-05-01 -97.5847 18.5825 18.41348 
 2015-06-01 -97.5847 18.5825  18.2228 
 2015-07-01 -97.5847 18.5825 18.65762 
 2015-08-01 -97.5847 18.5825 18.98623 
 2015-09-01 -97.5847 18.5825  18.5187 
 2015-10-01 -97.5847 18.5825 18.21231 
 2015-11-01 -97.5847 18.5825 16.63052 
 2015-12-01 -97.5847 18.5825 15.82314 
 2016-01-01 -97.5847 18.5825 13.68252 
 2016-02-01 -97.5847 18.5825 13.62075 
 2016-03-01 -97.5847 18.5825 17.53408 
 2016-04-01 -97.5847 18.5825 19.41079 
 2016-05-01 -97.5847 18.5825 19.82925 
 2016-06-01 -97.5847 18.5825 18.40591 
 2016-07-01 -97.5847 18.5825 19.09609 
 2016-08-01 -97.5847 18.5825 19.06948 
 2016-09-01 -97.5847 18.5825 18.46865 
 2016-10-01 -97.5847 18.5825 17.62515 
 2016-11-01 -97.5847 18.5825 15.58169 
 2016-12-01 -97.5847 18.5825 15.87612 
 2017-01-01 -97.5847 18.5825 14.65176 
 2017-02-01 -97.5847 18.5825 16.05606 
 2017-03-01 -97.5847 18.5825 16.42446 
 2017-04-01 -97.5847 18.5825 18.44766 
 2017-05-01 -97.5847 18.5825 20.01626 
 2017-06-01 -97.5847 18.5825 18.59707 
 2017-07-01 -97.5847 18.5825 17.90664 
 2017-08-01 -97.5847 18.5825 19.22573 
 2017-09-01 -97.5847 18.5825 18.11343 
 2017-10-01 -97.5847 18.5825 17.08755 
 2017-11-01 -97.5847 18.5825  15.3981 
 2017-12-01 -97.5847 18.5825 13.57363 
 2018-01-01 -97.5847 18.5825 12.30215 
 2018-02-01 -97.5847 18.5825 15.93838 
 2018-03-01 -97.5847 18.5825 18.10659 
 2018-04-01 -97.5847 18.5825 18.43154 
 2018-05-01 -97.5847 18.5825 18.97891 
 2018-06-01 -97.5847 18.5825  18.2792 
 2018-07-01 -97.5847 18.5825 18.34976 
 2018-08-01 -97.5847 18.5825 18.22817 
 2018-09-01 -97.5847 18.5825 19.07876 
 2018-10-01 -97.5847 18.5825 17.89565 
 2018-11-01 -97.5847 18.5825 16.61563 
 2018-12-01 -97.5847 18.5825  14.5668 
 2019-01-01 -97.5847 18.5825 14.33975 
 2019-02-01 -97.5847 18.5825 18.04946 
 2019-03-01 -97.5847 18.5825 17.29165 
 2019-04-01 -97.5847 18.5825 19.11123 
 2019-05-01 -97.5847 18.5825 20.37002 
 2019-06-01 -97.5847 18.5825 19.02407 
 2019-07-01 -97.5847 18.5825 18.32681 
 2019-08-01 -97.5847 18.5825 19.50894 
 2019-09-01 -97.5847 18.5825 18.50064 
 2019-10-01 -97.5847 18.5825 17.92593 
 2019-11-01 -97.5847 18.5825  16.8312 
 2019-12-01 -97.5847 18.5825 15.24404 
 2020-01-01 -97.5847 18.5825 14.82656 
 2020-02-01 -97.5847 18.5825 16.52969 
 2020-03-01 -97.5847 18.5825 18.20596 
 2020-04-01 -97.5847 18.5825 21.03848 
 2020-05-01 -97.5847 18.5825 20.17422 
 2020-06-01 -97.5847 18.5825 19.09512 
 2020-07-01 -97.5847 18.5825 19.03286 
 2020-08-01 -97.5847 18.5825   18.777 
 2020-09-01 -97.5847 18.5825 18.37002 
 2020-10-01 -97.5847 18.5825 17.74356 
 2020-11-01 -97.5847 18.5825 16.24307 
 2020-12-01 -97.5847 18.5825 14.61587 
 2021-01-01 -97.5847 18.5825 14.97427 
 2021-02-01 -97.5847 18.5825 16.54141 
 2021-03-01 -97.5847 18.5825 17.71401 
 2021-04-01 -97.5847 18.5825 19.62905 
 2021-05-01 -97.5847 18.5825 19.27798 
 2021-06-01 -97.5847 18.5825 18.19399 
 2021-07-01 -97.5847 18.5825 18.33682 
 2021-08-01 -97.5847 18.5825 18.71426 
 2021-09-01 -97.5847 18.5825 18.18081 
 2021-10-01 -97.5847 18.5825 18.69424 
 2021-11-01 -97.5847 18.5825 14.99917 
 2021-12-01 -97.5847 18.5825 15.60659 
 2022-01-01 -97.5847 18.5825 14.59683 
 2022-02-01 -97.5847 18.5825 14.48916 
 2022-03-01 -97.5847 18.5825 17.24111 
 2022-04-01 -97.5847 18.5825 19.22964 
 2022-05-01 -97.5847 18.5825 20.00088 
 2022-06-01 -97.5847 18.5825 18.31753 
 2022-07-01 -97.5847 18.5825 18.96011 
 2022-08-01 -97.5847 18.5825 18.53066 
 2022-09-01 -97.5847 18.5825 17.35806 
 2022-10-01 -97.5847 18.5825  18.0856 
 2022-11-01 -97.5847 18.5825 17.24868 
 2022-12-01 -97.5847 18.5825 13.99941 
 2023-01-01 -97.5847 18.5825 14.70645 
 2023-02-01 -97.5847 18.5825 15.17715 
 2023-03-01 -97.5847 18.5825 18.07314 
 2023-04-01 -97.5847 18.5825 19.22427 
 2023-05-01 -97.5847 18.5825 18.83901 
 2023-06-01 -97.5847 18.5825 20.56167 
 2023-07-01 -97.5847 18.5825   19.079 
 2023-08-01 -97.5847 18.5825 19.26919 
 2023-09-01 -97.5847 18.5825 19.60049 
 2023-10-01 -97.5847 18.5825   18.475 
 2023-11-01 -97.5847 18.5825 16.95889 
 2023-12-01 -97.5847 18.5825 14.27285 
 2024-01-01 -97.5847 18.5825 16.54605 
 2024-02-01 -97.5847 18.5825 17.11172 
 2024-03-01 -97.5847 18.5825 20.26455 
 2024-04-01 -97.5847 18.5825 20.25869 
 2024-05-01 -97.5847 18.5825 22.95791 
 2024-06-01 -97.5847 18.5825 20.26675 
 2024-07-01 -97.5847 18.5825 18.89297 
 2024-08-01 -97.5847 18.5825 19.43496 
 2024-09-01 -97.5847 18.5825 19.21279 
 2024-10-01 -97.5847 18.5825 16.77847 
 2024-11-01 -97.5847 18.5825 17.20303 
 2024-12-01 -97.5847 18.5825 14.45986 
 2025-01-01 -97.5847 18.5825 14.72769 
 2025-02-01 -97.5847 18.5825 16.64053 
 2025-03-01 -97.5847 18.5825 18.82607 
 2025-04-01 -97.5847 18.5825 18.24136 
 2025-05-01 -97.5847 18.5825 19.83535 
 2025-06-01 -97.5847 18.5825 18.11489 
 2025-07-01 -97.5847 18.5825 18.04629 
 2025-08-01 -97.5847 18.5825 18.94741 
 2025-09-01 -97.5847 18.5825 19.20669 
 2025-10-01 -97.5847 18.5825 17.90322 
 2025-11-01 -97.5847 18.5825 16.31045 
 2025-12-01 -97.5847 18.5825 15.51895 
