#      date    lon    lat    value 
cdo(1) remapnn: Nearest neighbor weights from lonlat (9x9) to lonlat (1x1) grid
 1950-01-01 -97.5733 18.8311 11.03945 
 1950-02-01 -97.5733 18.8311 11.86978 
 1950-03-01 -97.5733 18.8311 14.13662 
 1950-04-01 -97.5733 18.8311 14.74844 
 1950-05-01 -97.5733 18.8311 16.26138 
 1950-06-01 -97.5733 18.8311 15.33389 
 1950-07-01 -97.5733 18.8311 14.75332 
 1950-08-01 -97.5733 18.8311 15.31411 
 1950-09-01 -97.5733 18.8311 15.72891 
 1950-10-01 -97.5733 18.8311 13.84023 
 1950-11-01 -97.5733 18.8311 11.51162 
 1950-12-01 -97.5733 18.8311 11.21792 
 1951-01-01 -97.5733 18.8311 12.19253 
 1951-02-01 -97.5733 18.8311 11.81851 
 1951-03-01 -97.5733 18.8311 14.42471 
 1951-04-01 -97.5733 18.8311 16.78848 
 1951-05-01 -97.5733 18.8311 16.32852 
 1951-06-01 -97.5733 18.8311  16.0646 
 1951-07-01 -97.5733 18.8311 15.42935 
 1951-08-01 -97.5733 18.8311 16.12417 
 1951-09-01 -97.5733 18.8311 15.65176 
 1951-10-01 -97.5733 18.8311 15.25112 
 1951-11-01 -97.5733 18.8311 13.72329 
 1951-12-01 -97.5733 18.8311 12.86953 
 1952-01-01 -97.5733 18.8311 12.51821 
 1952-02-01 -97.5733 18.8311 13.64858 
 1952-03-01 -97.5733 18.8311 16.65347 
 1952-04-01 -97.5733 18.8311  16.3832 
 1952-05-01 -97.5733 18.8311 16.14443 
 1952-06-01 -97.5733 18.8311 15.47671 
 1952-07-01 -97.5733 18.8311 14.97891 
 1952-08-01 -97.5733 18.8311 15.72378 
 1952-09-01 -97.5733 18.8311 15.10024 
 1952-10-01 -97.5733 18.8311 12.09609 
 1952-11-01 -97.5733 18.8311 12.93789 
 1952-12-01 -97.5733 18.8311 11.43081 
 1953-01-01 -97.5733 18.8311 11.13711 
 1953-02-01 -97.5733 18.8311 13.51772 
 1953-03-01 -97.5733 18.8311 14.93301 
 1953-04-01 -97.5733 18.8311 17.28994 
 1953-05-01 -97.5733 18.8311 17.85293 
 1953-06-01 -97.5733 18.8311 15.94058 
 1953-07-01 -97.5733 18.8311 15.03921 
 1953-08-01 -97.5733 18.8311 15.98525 
 1953-09-01 -97.5733 18.8311 15.04409 
 1953-10-01 -97.5733 18.8311 14.34634 
 1953-11-01 -97.5733 18.8311 12.22402 
 1953-12-01 -97.5733 18.8311 11.68374 
 1954-01-01 -97.5733 18.8311 11.49966 
 1954-02-01 -97.5733 18.8311 12.29946 
 1954-03-01 -97.5733 18.8311  14.9938 
 1954-04-01 -97.5733 18.8311 14.57363 
 1954-05-01 -97.5733 18.8311 15.62026 
 1954-06-01 -97.5733 18.8311 15.63491 
 1954-07-01 -97.5733 18.8311 14.30606 
 1954-08-01 -97.5733 18.8311 14.85977 
 1954-09-01 -97.5733 18.8311 14.66397 
 1954-10-01 -97.5733 18.8311 13.12539 
 1954-11-01 -97.5733 18.8311 11.98501 
 1954-12-01 -97.5733 18.8311 10.20571 
 1955-01-01 -97.5733 18.8311 11.07363 
 1955-02-01 -97.5733 18.8311  11.5751 
 1955-03-01 -97.5733 18.8311 14.19253 
 1955-04-01 -97.5733 18.8311 17.12588 
 1955-05-01 -97.5733 18.8311 16.29189 
 1955-06-01 -97.5733 18.8311  15.6061 
 1955-07-01 -97.5733 18.8311 14.27847 
 1955-08-01 -97.5733 18.8311 14.77139 
 1955-09-01 -97.5733 18.8311 14.71743 
 1955-10-01 -97.5733 18.8311 13.04507 
 1955-11-01 -97.5733 18.8311 12.58291 
 1955-12-01 -97.5733 18.8311 10.66592 
 1956-01-01 -97.5733 18.8311 9.468409 
 1956-02-01 -97.5733 18.8311 13.24795 
 1956-03-01 -97.5733 18.8311  14.6542 
 1956-04-01 -97.5733 18.8311 16.33145 
 1956-05-01 -97.5733 18.8311 14.78018 
 1956-06-01 -97.5733 18.8311 14.29653 
 1956-07-01 -97.5733 18.8311 14.55337 
 1956-08-01 -97.5733 18.8311 15.20059 
 1956-09-01 -97.5733 18.8311 14.20986 
 1956-10-01 -97.5733 18.8311 13.99136 
 1956-11-01 -97.5733 18.8311 12.13101 
 1956-12-01 -97.5733 18.8311 11.16445 
 1957-01-01 -97.5733 18.8311 11.36538 
 1957-02-01 -97.5733 18.8311 12.54189 
 1957-03-01 -97.5733 18.8311 14.90371 
 1957-04-01 -97.5733 18.8311 15.92446 
 1957-05-01 -97.5733 18.8311 17.39419 
 1957-06-01 -97.5733 18.8311 16.26821 
 1957-07-01 -97.5733 18.8311 15.54873 
 1957-08-01 -97.5733 18.8311  15.7936 
 1957-09-01 -97.5733 18.8311 15.39614 
 1957-10-01 -97.5733 18.8311 14.27432 
 1957-11-01 -97.5733 18.8311 14.66812 
 1957-12-01 -97.5733 18.8311 11.45938 
 1958-01-01 -97.5733 18.8311 10.53018 
 1958-02-01 -97.5733 18.8311  12.1022 
 1958-03-01 -97.5733 18.8311 16.51748 
 1958-04-01 -97.5733 18.8311 17.87271 
 1958-05-01 -97.5733 18.8311 15.59609 
 1958-06-01 -97.5733 18.8311  16.2001 
 1958-07-01 -97.5733 18.8311 15.11685 
 1958-08-01 -97.5733 18.8311  16.0397 
 1958-09-01 -97.5733 18.8311 15.38564 
 1958-10-01 -97.5733 18.8311 14.96865 
 1958-11-01 -97.5733 18.8311 13.19717 
 1958-12-01 -97.5733 18.8311  11.6752 
 1959-01-01 -97.5733 18.8311 11.38833 
 1959-02-01 -97.5733 18.8311 13.84731 
 1959-03-01 -97.5733 18.8311 15.46963 
 1959-04-01 -97.5733 18.8311 15.49893 
 1959-05-01 -97.5733 18.8311 15.96108 
 1959-06-01 -97.5733 18.8311 15.25479 
 1959-07-01 -97.5733 18.8311 14.22744 
 1959-08-01 -97.5733 18.8311 14.78555 
 1959-09-01 -97.5733 18.8311 14.71353 
 1959-10-01 -97.5733 18.8311 14.53164 
 1959-11-01 -97.5733 18.8311 12.32144 
 1959-12-01 -97.5733 18.8311 11.91958 
 1960-01-01 -97.5733 18.8311 12.20156 
 1960-02-01 -97.5733 18.8311  12.6979 
 1960-03-01 -97.5733 18.8311 14.60488 
 1960-04-01 -97.5733 18.8311  15.5436 
 1960-05-01 -97.5733 18.8311 16.36831 
 1960-06-01 -97.5733 18.8311 16.14419 
 1960-07-01 -97.5733 18.8311 15.22549 
 1960-08-01 -97.5733 18.8311 15.16519 
 1960-09-01 -97.5733 18.8311 13.97158 
 1960-10-01 -97.5733 18.8311 14.76162 
 1960-11-01 -97.5733 18.8311 12.81753 
 1960-12-01 -97.5733 18.8311  11.1061 
 1961-01-01 -97.5733 18.8311 11.70352 
 1961-02-01 -97.5733 18.8311 12.79263 
 1961-03-01 -97.5733 18.8311  15.2709 
 1961-04-01 -97.5733 18.8311 16.73818 
 1961-05-01 -97.5733 18.8311 16.81289 
 1961-06-01 -97.5733 18.8311 15.62271 
 1961-07-01 -97.5733 18.8311 14.92788 
 1961-08-01 -97.5733 18.8311 15.28555 
 1961-09-01 -97.5733 18.8311 14.80728 
 1961-10-01 -97.5733 18.8311 14.34072 
 1961-11-01 -97.5733 18.8311 12.96377 
 1961-12-01 -97.5733 18.8311 12.02896 
 1962-01-01 -97.5733 18.8311 11.08462 
 1962-02-01 -97.5733 18.8311 14.49356 
 1962-03-01 -97.5733 18.8311 15.62759 
 1962-04-01 -97.5733 18.8311 14.87319 
 1962-05-01 -97.5733 18.8311  16.0563 
 1962-06-01 -97.5733 18.8311 16.44839 
 1962-07-01 -97.5733 18.8311 15.39102 
 1962-08-01 -97.5733 18.8311 15.96401 
 1962-09-01 -97.5733 18.8311 15.72402 
 1962-10-01 -97.5733 18.8311 14.97354 
 1962-11-01 -97.5733 18.8311 12.77139 
 1962-12-01 -97.5733 18.8311 12.41152 
 1963-01-01 -97.5733 18.8311 12.54946 
 1963-02-01 -97.5733 18.8311 12.05313 
 1963-03-01 -97.5733 18.8311 15.16958 
 1963-04-01 -97.5733 18.8311 16.80923 
 1963-05-01 -97.5733 18.8311 15.56826 
 1963-06-01 -97.5733 18.8311 16.02725 
 1963-07-01 -97.5733 18.8311 14.92202 
 1963-08-01 -97.5733 18.8311 15.56606 
 1963-09-01 -97.5733 18.8311 15.19741 
 1963-10-01 -97.5733 18.8311 13.51797 
 1963-11-01 -97.5733 18.8311 12.76333 
 1963-12-01 -97.5733 18.8311 11.28359 
 1964-01-01 -97.5733 18.8311  11.5104 
 1964-02-01 -97.5733 18.8311 14.42764 
 1964-03-01 -97.5733 18.8311 15.91299 
 1964-04-01 -97.5733 18.8311 17.06729 
 1964-05-01 -97.5733 18.8311 16.48062 
 1964-06-01 -97.5733 18.8311 15.29653 
 1964-07-01 -97.5733 18.8311 15.16128 
 1964-08-01 -97.5733 18.8311  15.7106 
 1964-09-01 -97.5733 18.8311 15.64639 
 1964-10-01 -97.5733 18.8311 13.50796 
 1964-11-01 -97.5733 18.8311 13.00991 
 1964-12-01 -97.5733 18.8311 11.32217 
 1965-01-01 -97.5733 18.8311 10.63027 
 1965-02-01 -97.5733 18.8311 12.25186 
 1965-03-01 -97.5733 18.8311 15.34341 
 1965-04-01 -97.5733 18.8311 16.15054 
 1965-05-01 -97.5733 18.8311 16.34805 
 1965-06-01 -97.5733 18.8311 15.64175 
 1965-07-01 -97.5733 18.8311 14.29043 
 1965-08-01 -97.5733 18.8311 14.69961 
 1965-09-01 -97.5733 18.8311 15.64565 
 1965-10-01 -97.5733 18.8311 13.85415 
 1965-11-01 -97.5733 18.8311 13.37417 
 1965-12-01 -97.5733 18.8311 12.83608 
 1966-01-01 -97.5733 18.8311 11.43081 
 1966-02-01 -97.5733 18.8311 12.53164 
 1966-03-01 -97.5733 18.8311 13.28799 
 1966-04-01 -97.5733 18.8311 16.28018 
 1966-05-01 -97.5733 18.8311 16.69717 
 1966-06-01 -97.5733 18.8311 16.17568 
 1966-07-01 -97.5733 18.8311 16.01406 
 1966-08-01 -97.5733 18.8311  16.1166 
 1966-09-01 -97.5733 18.8311  15.5939 
 1966-10-01 -97.5733 18.8311 14.24209 
 1966-11-01 -97.5733 18.8311 11.57046 
 1966-12-01 -97.5733 18.8311 11.27725 
 1967-01-01 -97.5733 18.8311 11.30874 
 1967-02-01 -97.5733 18.8311 12.65078 
 1967-03-01 -97.5733 18.8311 13.77065 
 1967-04-01 -97.5733 18.8311 15.61758 
 1967-05-01 -97.5733 18.8311 16.53408 
 1967-06-01 -97.5733 18.8311 16.05044 
 1967-07-01 -97.5733 18.8311 15.14297 
 1967-08-01 -97.5733 18.8311 15.58413 
 1967-09-01 -97.5733 18.8311 15.05068 
 1967-10-01 -97.5733 18.8311 13.84414 
 1967-11-01 -97.5733 18.8311 12.84609 
 1967-12-01 -97.5733 18.8311 12.85684 
 1968-01-01 -97.5733 18.8311 11.39932 
 1968-02-01 -97.5733 18.8311 11.09829 
 1968-03-01 -97.5733 18.8311 13.27163 
 1968-04-01 -97.5733 18.8311  15.8417 
 1968-05-01 -97.5733 18.8311 15.89736 
 1968-06-01 -97.5733 18.8311 15.62173 
 1968-07-01 -97.5733 18.8311 15.00698 
 1968-08-01 -97.5733 18.8311 15.59121 
 1968-09-01 -97.5733 18.8311 15.92275 
 1968-10-01 -97.5733 18.8311 14.94741 
 1968-11-01 -97.5733 18.8311 13.82192 
 1968-12-01 -97.5733 18.8311 12.71157 
 1969-01-01 -97.5733 18.8311 12.61465 
 1969-02-01 -97.5733 18.8311 14.71157 
 1969-03-01 -97.5733 18.8311 15.23037 
 1969-04-01 -97.5733 18.8311 17.43862 
 1969-05-01 -97.5733 18.8311 17.95645 
 1969-06-01 -97.5733 18.8311  18.2272 
 1969-07-01 -97.5733 18.8311 16.52725 
 1969-08-01 -97.5733 18.8311 15.97964 
 1969-09-01 -97.5733 18.8311 15.55581 
 1969-10-01 -97.5733 18.8311 15.64199 
 1969-11-01 -97.5733 18.8311 13.21133 
 1969-12-01 -97.5733 18.8311 12.61587 
 1970-01-01 -97.5733 18.8311  12.0148 
 1970-02-01 -97.5733 18.8311 12.28262 
 1970-03-01 -97.5733 18.8311 15.73525 
 1970-04-01 -97.5733 18.8311  18.1293 
 1970-05-01 -97.5733 18.8311 16.25381 
 1970-06-01 -97.5733 18.8311 16.19888 
 1970-07-01 -97.5733 18.8311 15.65322 
 1970-08-01 -97.5733 18.8311  16.3019 
 1970-09-01 -97.5733 18.8311 15.89688 
 1970-10-01 -97.5733 18.8311 16.14688 
 1970-11-01 -97.5733 18.8311 12.52749 
 1970-12-01 -97.5733 18.8311 12.21206 
 1971-01-01 -97.5733 18.8311 13.11416 
 1971-02-01 -97.5733 18.8311 13.02139 
 1971-03-01 -97.5733 18.8311 14.96865 
 1971-04-01 -97.5733 18.8311 15.43716 
 1971-05-01 -97.5733 18.8311  17.2604 
 1971-06-01 -97.5733 18.8311  15.7145 
 1971-07-01 -97.5733 18.8311 15.11807 
 1971-08-01 -97.5733 18.8311 15.49673 
 1971-09-01 -97.5733 18.8311 15.92764 
 1971-10-01 -97.5733 18.8311 15.49209 
 1971-11-01 -97.5733 18.8311 13.99087 
 1971-12-01 -97.5733 18.8311 12.42471 
 1972-01-01 -97.5733 18.8311 12.55801 
 1972-02-01 -97.5733 18.8311 12.26382 
 1972-03-01 -97.5733 18.8311 15.00918 
 1972-04-01 -97.5733 18.8311 16.63931 
 1972-05-01 -97.5733 18.8311 16.63516 
 1972-06-01 -97.5733 18.8311 16.12271 
 1972-07-01 -97.5733 18.8311 15.09854 
 1972-08-01 -97.5733 18.8311   15.121 
 1972-09-01 -97.5733 18.8311 15.63882 
 1972-10-01 -97.5733 18.8311 15.53726 
 1972-11-01 -97.5733 18.8311 15.43667 
 1972-12-01 -97.5733 18.8311 12.56558 
 1973-01-01 -97.5733 18.8311 12.77969 
 1973-02-01 -97.5733 18.8311  13.8937 
 1973-03-01 -97.5733 18.8311  17.9457 
 1973-04-01 -97.5733 18.8311 16.75479 
 1973-05-01 -97.5733 18.8311 17.02139 
 1973-06-01 -97.5733 18.8311 15.83047 
 1973-07-01 -97.5733 18.8311 15.14663 
 1973-08-01 -97.5733 18.8311 15.25137 
 1973-09-01 -97.5733 18.8311 15.24331 
 1973-10-01 -97.5733 18.8311 14.48135 
 1973-11-01 -97.5733 18.8311  13.4313 
 1973-12-01 -97.5733 18.8311 10.98721 
 1974-01-01 -97.5733 18.8311 12.35952 
 1974-02-01 -97.5733 18.8311 13.07339 
 1974-03-01 -97.5733 18.8311 14.49771 
 1974-04-01 -97.5733 18.8311 15.16299 
 1974-05-01 -97.5733 18.8311 16.57754 
 1974-06-01 -97.5733 18.8311 15.49111 
 1974-07-01 -97.5733 18.8311 14.51455 
 1974-08-01 -97.5733 18.8311 15.65469 
 1974-09-01 -97.5733 18.8311 15.10024 
 1974-10-01 -97.5733 18.8311 13.90518 
 1974-11-01 -97.5733 18.8311  12.9418 
 1974-12-01 -97.5733 18.8311 13.15396 
 1975-01-01 -97.5733 18.8311 11.52383 
 1975-02-01 -97.5733 18.8311 14.08364 
 1975-03-01 -97.5733 18.8311 16.67544 
 1975-04-01 -97.5733 18.8311 17.69009 
 1975-05-01 -97.5733 18.8311 16.21792 
 1975-06-01 -97.5733 18.8311 15.56021 
 1975-07-01 -97.5733 18.8311 14.89761 
 1975-08-01 -97.5733 18.8311 15.81729 
 1975-09-01 -97.5733 18.8311 15.15347 
 1975-10-01 -97.5733 18.8311 14.95376 
 1975-11-01 -97.5733 18.8311 13.81314 
 1975-12-01 -97.5733 18.8311 11.51504 
 1976-01-01 -97.5733 18.8311 10.89272 
 1976-02-01 -97.5733 18.8311 11.75137 
 1976-03-01 -97.5733 18.8311 15.89419 
 1976-04-01 -97.5733 18.8311 16.11904 
 1976-05-01 -97.5733 18.8311 15.92007 
 1976-06-01 -97.5733 18.8311 16.01626 
 1976-07-01 -97.5733 18.8311 15.42446 
 1976-08-01 -97.5733 18.8311 15.37612 
 1976-09-01 -97.5733 18.8311 16.29141 
 1976-10-01 -97.5733 18.8311 15.27749 
 1976-11-01 -97.5733 18.8311 13.15981 
 1976-12-01 -97.5733 18.8311 12.48989 
 1977-01-01 -97.5733 18.8311 12.78872 
 1977-02-01 -97.5733 18.8311  12.8959 
 1977-03-01 -97.5733 18.8311 16.39492 
 1977-04-01 -97.5733 18.8311 14.96841 
 1977-05-01 -97.5733 18.8311 16.62979 
 1977-06-01 -97.5733 18.8311 15.85659 
 1977-07-01 -97.5733 18.8311 15.86978 
 1977-08-01 -97.5733 18.8311 16.75625 
 1977-09-01 -97.5733 18.8311 16.22769 
 1977-10-01 -97.5733 18.8311 16.02603 
 1977-11-01 -97.5733 18.8311 14.71328 
 1977-12-01 -97.5733 18.8311 13.75527 
 1978-01-01 -97.5733 18.8311 12.77725 
 1978-02-01 -97.5733 18.8311 12.99868 
 1978-03-01 -97.5733 18.8311 14.96743 
 1978-04-01 -97.5733 18.8311  17.6813 
 1978-05-01 -97.5733 18.8311 18.07974 
 1978-06-01 -97.5733 18.8311 16.25137 
 1978-07-01 -97.5733 18.8311 16.45938 
 1978-08-01 -97.5733 18.8311 16.78262 
 1978-09-01 -97.5733 18.8311 16.12441 
 1978-10-01 -97.5733 18.8311 14.89614 
 1978-11-01 -97.5733 18.8311 14.99233 
 1978-12-01 -97.5733 18.8311  13.7106 
 1979-01-01 -97.5733 18.8311 12.62783 
 1979-02-01 -97.5733 18.8311 14.07144 
 1979-03-01 -97.5733 18.8311 16.30068 
 1979-04-01 -97.5733 18.8311 17.41616 
 1979-05-01 -97.5733 18.8311 17.51357 
 1979-06-01 -97.5733 18.8311 16.66519 
 1979-07-01 -97.5733 18.8311 16.57412 
 1979-08-01 -97.5733 18.8311 15.70547 
 1979-09-01 -97.5733 18.8311 15.63223 
 1979-10-01 -97.5733 18.8311 16.00942 
 1979-11-01 -97.5733 18.8311 13.35464 
 1979-12-01 -97.5733 18.8311 13.10879 
 1980-01-01 -97.5733 18.8311 13.16567 
 1980-02-01 -97.5733 18.8311 13.73428 
 1980-03-01 -97.5733 18.8311 16.43618 
 1980-04-01 -97.5733 18.8311 16.68814 
 1980-05-01 -97.5733 18.8311 18.06802 
 1980-06-01 -97.5733 18.8311 17.01821 
 1980-07-01 -97.5733 18.8311 17.21572 
 1980-08-01 -97.5733 18.8311 16.83804 
 1980-09-01 -97.5733 18.8311 16.66714 
 1980-10-01 -97.5733 18.8311 15.93643 
 1980-11-01 -97.5733 18.8311 14.19229 
 1980-12-01 -97.5733 18.8311 12.49941 
 1981-01-01 -97.5733 18.8311 11.63516 
 1981-02-01 -97.5733 18.8311 13.13833 
 1981-03-01 -97.5733 18.8311 15.95596 
 1981-04-01 -97.5733 18.8311 16.59023 
 1981-05-01 -97.5733 18.8311  18.2521 
 1981-06-01 -97.5733 18.8311 16.90396 
 1981-07-01 -97.5733 18.8311 16.10684 
 1981-08-01 -97.5733 18.8311 16.62197 
 1981-09-01 -97.5733 18.8311 16.21841 
 1981-10-01 -97.5733 18.8311 16.10562 
 1981-11-01 -97.5733 18.8311 13.87734 
 1981-12-01 -97.5733 18.8311 13.90884 
 1982-01-01 -97.5733 18.8311 14.33291 
 1982-02-01 -97.5733 18.8311 14.27285 
 1982-03-01 -97.5733 18.8311 16.17568 
 1982-04-01 -97.5733 18.8311 17.99429 
 1982-05-01 -97.5733 18.8311 17.65908 
 1982-06-01 -97.5733 18.8311 17.87319 
 1982-07-01 -97.5733 18.8311 15.93789 
 1982-08-01 -97.5733 18.8311  16.2189 
 1982-09-01 -97.5733 18.8311  16.3771 
 1982-10-01 -97.5733 18.8311 15.06143 
 1982-11-01 -97.5733 18.8311 13.98672 
 1982-12-01 -97.5733 18.8311 12.68691 
 1983-01-01 -97.5733 18.8311 11.77993 
 1983-02-01 -97.5733 18.8311 12.69473 
 1983-03-01 -97.5733 18.8311 14.93496 
 1983-04-01 -97.5733 18.8311 17.59194 
 1983-05-01 -97.5733 18.8311 19.50674 
 1983-06-01 -97.5733 18.8311 18.34463 
 1983-07-01 -97.5733 18.8311  16.2875 
 1983-08-01 -97.5733 18.8311 17.01235 
 1983-09-01 -97.5733 18.8311 16.54141 
 1983-10-01 -97.5733 18.8311 15.52871 
 1983-11-01 -97.5733 18.8311 14.75552 
 1983-12-01 -97.5733 18.8311 13.17129 
 1984-01-01 -97.5733 18.8311 12.10147 
 1984-02-01 -97.5733 18.8311 13.62246 
 1984-03-01 -97.5733 18.8311 16.05386 
 1984-04-01 -97.5733 18.8311 18.74624 
 1984-05-01 -97.5733 18.8311 16.36685 
 1984-06-01 -97.5733 18.8311 16.14224 
 1984-07-01 -97.5733 18.8311 15.66812 
 1984-08-01 -97.5733 18.8311 15.46304 
 1984-09-01 -97.5733 18.8311 15.28042 
 1984-10-01 -97.5733 18.8311 15.82217 
 1984-11-01 -97.5733 18.8311  13.5082 
 1984-12-01 -97.5733 18.8311 12.52017 
 1985-01-01 -97.5733 18.8311 12.56802 
 1985-02-01 -97.5733 18.8311  13.2272 
 1985-03-01 -97.5733 18.8311 15.20986 
 1985-04-01 -97.5733 18.8311 15.84316 
 1985-05-01 -97.5733 18.8311 16.94497 
 1985-06-01 -97.5733 18.8311 16.45986 
 1985-07-01 -97.5733 18.8311 15.47769 
 1985-08-01 -97.5733 18.8311  16.1752 
 1985-09-01 -97.5733 18.8311 15.82095 
 1985-10-01 -97.5733 18.8311 15.14346 
 1985-11-01 -97.5733 18.8311 13.88613 
 1985-12-01 -97.5733 18.8311 12.67349 
 1986-01-01 -97.5733 18.8311 11.21548 
 1986-02-01 -97.5733 18.8311 13.85024 
 1986-03-01 -97.5733 18.8311 13.76919 
 1986-04-01 -97.5733 18.8311  16.4999 
 1986-05-01 -97.5733 18.8311 16.83657 
 1986-06-01 -97.5733 18.8311 16.39077 
 1986-07-01 -97.5733 18.8311 15.35659 
 1986-08-01 -97.5733 18.8311 16.51284 
 1986-09-01 -97.5733 18.8311 16.19937 
 1986-10-01 -97.5733 18.8311  15.5021 
 1986-11-01 -97.5733 18.8311 15.17886 
 1986-12-01 -97.5733 18.8311 13.19888 
 1987-01-01 -97.5733 18.8311 12.52798 
 1987-02-01 -97.5733 18.8311 14.55752 
 1987-03-01 -97.5733 18.8311 15.75894 
 1987-04-01 -97.5733 18.8311 16.10024 
 1987-05-01 -97.5733 18.8311 16.98965 
 1987-06-01 -97.5733 18.8311 17.08364 
 1987-07-01 -97.5733 18.8311 16.28897 
 1987-08-01 -97.5733 18.8311 16.84707 
 1987-09-01 -97.5733 18.8311 17.39468 
 1987-10-01 -97.5733 18.8311 14.48501 
 1987-11-01 -97.5733 18.8311   14.371 
 1987-12-01 -97.5733 18.8311 14.60977 
 1988-01-01 -97.5733 18.8311 11.86978 
 1988-02-01 -97.5733 18.8311 13.78945 
 1988-03-01 -97.5733 18.8311 15.25088 
 1988-04-01 -97.5733 18.8311 17.89443 
 1988-05-01 -97.5733 18.8311  17.9418 
 1988-06-01 -97.5733 18.8311 16.87905 
 1988-07-01 -97.5733 18.8311 16.60073 
 1988-08-01 -97.5733 18.8311 16.64102 
 1988-09-01 -97.5733 18.8311 16.05117 
 1988-10-01 -97.5733 18.8311 15.07314 
 1988-11-01 -97.5733 18.8311  14.4728 
 1988-12-01 -97.5733 18.8311  12.6083 
 1989-01-01 -97.5733 18.8311 13.17153 
 1989-02-01 -97.5733 18.8311 12.84585 
 1989-03-01 -97.5733 18.8311 14.30264 
 1989-04-01 -97.5733 18.8311 15.68203 
 1989-05-01 -97.5733 18.8311 17.28018 
 1989-06-01 -97.5733 18.8311 16.66348 
 1989-07-01 -97.5733 18.8311 16.09121 
 1989-08-01 -97.5733 18.8311 16.41104 
 1989-09-01 -97.5733 18.8311 15.85366 
 1989-10-01 -97.5733 18.8311 14.98184 
 1989-11-01 -97.5733 18.8311   14.798 
 1989-12-01 -97.5733 18.8311 12.42275 
 1990-01-01 -97.5733 18.8311 13.20742 
 1990-02-01 -97.5733 18.8311  13.6249 
 1990-03-01 -97.5733 18.8311 15.09927 
 1990-04-01 -97.5733 18.8311 16.34634 
 1990-05-01 -97.5733 18.8311 17.41372 
 1990-06-01 -97.5733 18.8311 16.85269 
 1990-07-01 -97.5733 18.8311 16.49478 
 1990-08-01 -97.5733 18.8311 16.69155 
 1990-09-01 -97.5733 18.8311 16.68911 
 1990-10-01 -97.5733 18.8311 15.77139 
 1990-11-01 -97.5733 18.8311 14.47427 
 1990-12-01 -97.5733 18.8311 12.85684 
 1991-01-01 -97.5733 18.8311 13.79067 
 1991-02-01 -97.5733 18.8311 14.47964 
 1991-03-01 -97.5733 18.8311 17.76943 
 1991-04-01 -97.5733 18.8311   18.204 
 1991-05-01 -97.5733 18.8311 17.26235 
 1991-06-01 -97.5733 18.8311 16.90811 
 1991-07-01 -97.5733 18.8311 15.64785 
 1991-08-01 -97.5733 18.8311 16.52041 
 1991-09-01 -97.5733 18.8311 15.58535 
 1991-10-01 -97.5733 18.8311 15.06484 
 1991-11-01 -97.5733 18.8311 13.05874 
 1991-12-01 -97.5733 18.8311 12.63418 
 1992-01-01 -97.5733 18.8311 12.45107 
 1992-02-01 -97.5733 18.8311 13.10269 
 1992-03-01 -97.5733 18.8311 16.61782 
 1992-04-01 -97.5733 18.8311 16.40054 
 1992-05-01 -97.5733 18.8311 15.78018 
 1992-06-01 -97.5733 18.8311  17.4335 
 1992-07-01 -97.5733 18.8311 16.05313 
 1992-08-01 -97.5733 18.8311 16.39932 
 1992-09-01 -97.5733 18.8311 16.12148 
 1992-10-01 -97.5733 18.8311  15.6459 
 1992-11-01 -97.5733 18.8311 14.71548 
 1992-12-01 -97.5733 18.8311 13.47305 
 1993-01-01 -97.5733 18.8311 13.60244 
 1993-02-01 -97.5733 18.8311  14.4269 
 1993-03-01 -97.5733 18.8311 15.54067 
 1993-04-01 -97.5733 18.8311 17.26919 
 1993-05-01 -97.5733 18.8311 17.37783 
 1993-06-01 -97.5733 18.8311 17.59609 
 1993-07-01 -97.5733 18.8311  16.3644 
 1993-08-01 -97.5733 18.8311 16.49014 
 1993-09-01 -97.5733 18.8311 16.00625 
 1993-10-01 -97.5733 18.8311 16.31899 
 1993-11-01 -97.5733 18.8311 14.42349 
 1993-12-01 -97.5733 18.8311 13.15005 
 1994-01-01 -97.5733 18.8311 13.08413 
 1994-02-01 -97.5733 18.8311 14.35269 
 1994-03-01 -97.5733 18.8311 16.46206 
 1994-04-01 -97.5733 18.8311 16.89248 
 1994-05-01 -97.5733 18.8311 17.76577 
 1994-06-01 -97.5733 18.8311 16.23184 
 1994-07-01 -97.5733 18.8311 16.11953 
 1994-08-01 -97.5733 18.8311 16.13857 
 1994-09-01 -97.5733 18.8311 16.12979 
 1994-10-01 -97.5733 18.8311 16.50479 
 1994-11-01 -97.5733 18.8311 15.24917 
 1994-12-01 -97.5733 18.8311 14.05142 
 1995-01-01 -97.5733 18.8311 13.88613 
 1995-02-01 -97.5733 18.8311 14.88882 
 1995-03-01 -97.5733 18.8311 16.13223 
 1995-04-01 -97.5733 18.8311 18.09658 
 1995-05-01 -97.5733 18.8311 18.12734 
 1995-06-01 -97.5733 18.8311 17.76357 
 1995-07-01 -97.5733 18.8311 16.41372 
 1995-08-01 -97.5733 18.8311 16.62564 
 1995-09-01 -97.5733 18.8311 16.59878 
 1995-10-01 -97.5733 18.8311 16.40176 
 1995-11-01 -97.5733 18.8311 14.75527 
 1995-12-01 -97.5733 18.8311 13.25405 
 1996-01-01 -97.5733 18.8311 11.99941 
 1996-02-01 -97.5733 18.8311 14.08608 
 1996-03-01 -97.5733 18.8311 15.27065 
 1996-04-01 -97.5733 18.8311 17.30288 
 1996-05-01 -97.5733 18.8311 18.18667 
 1996-06-01 -97.5733 18.8311 16.59561 
 1996-07-01 -97.5733 18.8311 16.63223 
 1996-08-01 -97.5733 18.8311 16.37295 
 1996-09-01 -97.5733 18.8311 17.21523 
 1996-10-01 -97.5733 18.8311 15.87368 
 1996-11-01 -97.5733 18.8311 13.43374 
 1996-12-01 -97.5733 18.8311 13.27017 
 1997-01-01 -97.5733 18.8311 12.46353 
 1997-02-01 -97.5733 18.8311 13.85708 
 1997-03-01 -97.5733 18.8311 15.35464 
 1997-04-01 -97.5733 18.8311 16.41177 
 1997-05-01 -97.5733 18.8311 16.54971 
 1997-06-01 -97.5733 18.8311 17.50405 
 1997-07-01 -97.5733 18.8311 16.91421 
 1997-08-01 -97.5733 18.8311 16.68545 
 1997-09-01 -97.5733 18.8311 16.45254 
 1997-10-01 -97.5733 18.8311 15.46719 
 1997-11-01 -97.5733 18.8311 14.60269 
 1997-12-01 -97.5733 18.8311 13.40176 
 1998-01-01 -97.5733 18.8311 13.03335 
 1998-02-01 -97.5733 18.8311 13.96035 
 1998-03-01 -97.5733 18.8311 16.24673 
 1998-04-01 -97.5733 18.8311 19.42593 
 1998-05-01 -97.5733 18.8311 19.52261 
 1998-06-01 -97.5733 18.8311 18.39688 
 1998-07-01 -97.5733 18.8311 16.85366 
 1998-08-01 -97.5733 18.8311 17.40493 
 1998-09-01 -97.5733 18.8311 16.66519 
 1998-10-01 -97.5733 18.8311 15.61514 
 1998-11-01 -97.5733 18.8311 14.72695 
 1998-12-01 -97.5733 18.8311 12.82095 
 1999-01-01 -97.5733 18.8311 11.88052 
 1999-02-01 -97.5733 18.8311 13.22964 
 1999-03-01 -97.5733 18.8311 15.22354 
 1999-04-01 -97.5733 18.8311 17.50527 
 1999-05-01 -97.5733 18.8311 16.84048 
 1999-06-01 -97.5733 18.8311 17.17861 
 1999-07-01 -97.5733 18.8311 15.80947 
 1999-08-01 -97.5733 18.8311 16.88369 
 1999-09-01 -97.5733 18.8311 16.00845 
 1999-10-01 -97.5733 18.8311 14.40859 
 1999-11-01 -97.5733 18.8311 12.73208 
 1999-12-01 -97.5733 18.8311 11.55679 
 2000-01-01 -97.5733 18.8311 11.97891 
 2000-02-01 -97.5733 18.8311  13.5148 
 2000-03-01 -97.5733 18.8311 16.16299 
 2000-04-01 -97.5733 18.8311 16.52749 
 2000-05-01 -97.5733 18.8311 16.47891 
 2000-06-01 -97.5733 18.8311 16.24233 
 2000-07-01 -97.5733 18.8311 16.11318 
 2000-08-01 -97.5733 18.8311 16.09854 
 2000-09-01 -97.5733 18.8311 16.54678 
 2000-10-01 -97.5733 18.8311 15.37759 
 2000-11-01 -97.5733 18.8311 15.24966 
 2000-12-01 -97.5733 18.8311 11.97842 
 2001-01-01 -97.5733 18.8311 12.50576 
 2001-02-01 -97.5733 18.8311 13.50503 
 2001-03-01 -97.5733 18.8311 15.28774 
 2001-04-01 -97.5733 18.8311 16.81069 
 2001-05-01 -97.5733 18.8311 17.08999 
 2001-06-01 -97.5733 18.8311 15.78555 
 2001-07-01 -97.5733 18.8311 16.26382 
 2001-08-01 -97.5733 18.8311 15.96279 
 2001-09-01 -97.5733 18.8311 16.19448 
 2001-10-01 -97.5733 18.8311  15.1166 
 2001-11-01 -97.5733 18.8311 13.32949 
 2001-12-01 -97.5733 18.8311 12.83608 
 2002-01-01 -97.5733 18.8311 12.72012 
 2002-02-01 -97.5733 18.8311 13.28848 
 2002-03-01 -97.5733 18.8311 15.66128 
 2002-04-01 -97.5733 18.8311 16.42666 
 2002-05-01 -97.5733 18.8311 17.22451 
 2002-06-01 -97.5733 18.8311 16.71035 
 2002-07-01 -97.5733 18.8311 16.04727 
 2002-08-01 -97.5733 18.8311 16.46743 
 2002-09-01 -97.5733 18.8311 16.68667 
 2002-10-01 -97.5733 18.8311 16.38076 
 2002-11-01 -97.5733 18.8311 13.25625 
 2002-12-01 -97.5733 18.8311 12.80508 
 2003-01-01 -97.5733 18.8311 12.00405 
 2003-02-01 -97.5733 18.8311 14.72476 
 2003-03-01 -97.5733 18.8311 16.35977 
 2003-04-01 -97.5733 18.8311 18.05264 
 2003-05-01 -97.5733 18.8311 18.36782 
 2003-06-01 -97.5733 18.8311 17.03677 
 2003-07-01 -97.5733 18.8311 16.48086 
 2003-08-01 -97.5733 18.8311 16.67153 
 2003-09-01 -97.5733 18.8311 16.58706 
 2003-10-01 -97.5733 18.8311 16.24771 
 2003-11-01 -97.5733 18.8311  14.6542 
 2003-12-01 -97.5733 18.8311 11.42666 
 2004-01-01 -97.5733 18.8311 11.74868 
 2004-02-01 -97.5733 18.8311  13.3168 
 2004-03-01 -97.5733 18.8311 14.77969 
 2004-04-01 -97.5733 18.8311 16.65029 
 2004-05-01 -97.5733 18.8311 16.76357 
 2004-06-01 -97.5733 18.8311 16.40957 
 2004-07-01 -97.5733 18.8311 16.71084 
 2004-08-01 -97.5733 18.8311 16.94082 
 2004-09-01 -97.5733 18.8311 16.81533 
 2004-10-01 -97.5733 18.8311 16.58047 
 2004-11-01 -97.5733 18.8311 14.20376 
 2004-12-01 -97.5733 18.8311 11.99258 
 2005-01-01 -97.5733 18.8311 12.00845 
 2005-02-01 -97.5733 18.8311 14.20864 
 2005-03-01 -97.5733 18.8311 16.58242 
 2005-04-01 -97.5733 18.8311 17.76992 
 2005-05-01 -97.5733 18.8311 17.24917 
 2005-06-01 -97.5733 18.8311 18.08779 
 2005-07-01 -97.5733 18.8311  17.5021 
 2005-08-01 -97.5733 18.8311 16.81021 
 2005-09-01 -97.5733 18.8311 16.79824 
 2005-10-01 -97.5733 18.8311 15.87832 
 2005-11-01 -97.5733 18.8311 14.11831 
 2005-12-01 -97.5733 18.8311 13.46426 
 2006-01-01 -97.5733 18.8311 12.63149 
 2006-02-01 -97.5733 18.8311 13.79775 
 2006-03-01 -97.5733 18.8311 15.57363 
 2006-04-01 -97.5733 18.8311 16.92959 
 2006-05-01 -97.5733 18.8311 16.60195 
 2006-06-01 -97.5733 18.8311 16.64053 
 2006-07-01 -97.5733 18.8311 16.41348 
 2006-08-01 -97.5733 18.8311 16.53042 
 2006-09-01 -97.5733 18.8311 17.13784 
 2006-10-01 -97.5733 18.8311 16.67349 
 2006-11-01 -97.5733 18.8311 13.57168 
 2006-12-01 -97.5733 18.8311 13.04116 
 2007-01-01 -97.5733 18.8311 13.35806 
 2007-02-01 -97.5733 18.8311 14.66689 
 2007-03-01 -97.5733 18.8311 15.41274 
 2007-04-01 -97.5733 18.8311 16.80874 
 2007-05-01 -97.5733 18.8311 16.75576 
 2007-06-01 -97.5733 18.8311 17.02236 
 2007-07-01 -97.5733 18.8311 16.54019 
 2007-08-01 -97.5733 18.8311 16.80386 
 2007-09-01 -97.5733 18.8311 16.50527 
 2007-10-01 -97.5733 18.8311 15.47354 
 2007-11-01 -97.5733 18.8311 13.90981 
 2007-12-01 -97.5733 18.8311 13.61831 
 2008-01-01 -97.5733 18.8311 12.45864 
 2008-02-01 -97.5733 18.8311 15.01724 
 2008-03-01 -97.5733 18.8311 15.18496 
 2008-04-01 -97.5733 18.8311 16.91104 
 2008-05-01 -97.5733 18.8311 17.46548 
 2008-06-01 -97.5733 18.8311 16.34854 
 2008-07-01 -97.5733 18.8311 16.05654 
 2008-08-01 -97.5733 18.8311 17.26382 
 2008-09-01 -97.5733 18.8311 16.52871 
 2008-10-01 -97.5733 18.8311 15.35391 
 2008-11-01 -97.5733 18.8311 13.78018 
 2008-12-01 -97.5733 18.8311 12.73281 
 2009-01-01 -97.5733 18.8311 12.86074 
 2009-02-01 -97.5733 18.8311 13.49771 
 2009-03-01 -97.5733 18.8311 15.38735 
 2009-04-01 -97.5733 18.8311 17.51626 
 2009-05-01 -97.5733 18.8311 17.30947 
 2009-06-01 -97.5733 18.8311 17.50015 
 2009-07-01 -97.5733 18.8311 17.11782 
 2009-08-01 -97.5733 18.8311   17.121 
 2009-09-01 -97.5733 18.8311 16.63784 
 2009-10-01 -97.5733 18.8311 16.94863 
 2009-11-01 -97.5733 18.8311 14.17495 
 2009-12-01 -97.5733 18.8311 13.65298 
 2010-01-01 -97.5733 18.8311 11.51797 
 2010-02-01 -97.5733 18.8311 12.86758 
 2010-03-01 -97.5733 18.8311 16.13442 
 2010-04-01 -97.5733 18.8311 17.61099 
 2010-05-01 -97.5733 18.8311 19.04971 
 2010-06-01 -97.5733 18.8311 18.50015 
 2010-07-01 -97.5733 18.8311 16.81582 
 2010-08-01 -97.5733 18.8311 17.04214 
 2010-09-01 -97.5733 18.8311 16.53677 
 2010-10-01 -97.5733 18.8311 15.36563 
 2010-11-01 -97.5733 18.8311 13.46719 
 2010-12-01 -97.5733 18.8311 11.43106 
 2011-01-01 -97.5733 18.8311 13.28652 
 2011-02-01 -97.5733 18.8311 14.30459 
 2011-03-01 -97.5733 18.8311 15.55239 
 2011-04-01 -97.5733 18.8311 17.69985 
 2011-05-01 -97.5733 18.8311 17.91689 
 2011-06-01 -97.5733 18.8311 16.90469 
 2011-07-01 -97.5733 18.8311 16.31851 
 2011-08-01 -97.5733 18.8311  17.3312 
 2011-09-01 -97.5733 18.8311 16.43081 
 2011-10-01 -97.5733 18.8311 15.10439 
 2011-11-01 -97.5733 18.8311 14.24893 
 2011-12-01 -97.5733 18.8311 12.55581 
 2012-01-01 -97.5733 18.8311  13.1979 
 2012-02-01 -97.5733 18.8311 14.06997 
 2012-03-01 -97.5733 18.8311 15.48232 
 2012-04-01 -97.5733 18.8311 15.99331 
 2012-05-01 -97.5733 18.8311 17.50723 
 2012-06-01 -97.5733 18.8311 16.88296 
 2012-07-01 -97.5733 18.8311 15.80361 
 2012-08-01 -97.5733 18.8311 16.56753 
 2012-09-01 -97.5733 18.8311 16.27603 
 2012-10-01 -97.5733 18.8311 15.56899 
 2012-11-01 -97.5733 18.8311 13.42837 
 2012-12-01 -97.5733 18.8311 13.41006 
 2013-01-01 -97.5733 18.8311 13.10732 
 2013-02-01 -97.5733 18.8311 15.57974 
 2013-03-01 -97.5733 18.8311 14.53091 
 2013-04-01 -97.5733 18.8311 18.21939 
 2013-05-01 -97.5733 18.8311 17.69033 
 2013-06-01 -97.5733 18.8311  17.2665 
 2013-07-01 -97.5733 18.8311 16.85366 
 2013-08-01 -97.5733 18.8311 16.98208 
 2013-09-01 -97.5733 18.8311 16.43716 
 2013-10-01 -97.5733 18.8311 16.33999 
 2013-11-01 -97.5733 18.8311 14.67544 
 2013-12-01 -97.5733 18.8311 13.91812 
 2014-01-01 -97.5733 18.8311 11.89468 
 2014-02-01 -97.5733 18.8311 14.99111 
 2014-03-01 -97.5733 18.8311 16.69619 
 2014-04-01 -97.5733 18.8311 17.55264 
 2014-05-01 -97.5733 18.8311 16.65396 
 2014-06-01 -97.5733 18.8311 17.05825 
 2014-07-01 -97.5733 18.8311 16.14297 
 2014-08-01 -97.5733 18.8311 17.10391 
 2014-09-01 -97.5733 18.8311  16.9313 
 2014-10-01 -97.5733 18.8311 15.96572 
 2014-11-01 -97.5733 18.8311 14.35659 
 2014-12-01 -97.5733 18.8311 13.22109 
 2015-01-01 -97.5733 18.8311 12.42324 
 2015-02-01 -97.5733 18.8311 13.80581 
 2015-03-01 -97.5733 18.8311 14.62539 
 2015-04-01 -97.5733 18.8311 17.58657 
 2015-05-01 -97.5733 18.8311 16.81777 
 2015-06-01 -97.5733 18.8311 16.88296 
 2015-07-01 -97.5733 18.8311 16.96426 
 2015-08-01 -97.5733 18.8311 17.43936 
 2015-09-01 -97.5733 18.8311 16.93667 
 2015-10-01 -97.5733 18.8311 16.91738 
 2015-11-01 -97.5733 18.8311 15.85513 
 2015-12-01 -97.5733 18.8311 14.56729 
 2016-01-01 -97.5733 18.8311  12.4833 
 2016-02-01 -97.5733 18.8311 12.95278 
 2016-03-01 -97.5733 18.8311 15.93252 
 2016-04-01 -97.5733 18.8311 18.24868 
 2016-05-01 -97.5733 18.8311 18.60659 
 2016-06-01 -97.5733 18.8311 17.08755 
 2016-07-01 -97.5733 18.8311 17.43008 
 2016-08-01 -97.5733 18.8311 17.40737 
 2016-09-01 -97.5733 18.8311 16.84365 
 2016-10-01 -97.5733 18.8311 16.14077 
 2016-11-01 -97.5733 18.8311 14.44692 
 2016-12-01 -97.5733 18.8311 14.56362 
 2017-01-01 -97.5733 18.8311 13.28262 
 2017-02-01 -97.5733 18.8311 14.50527 
 2017-03-01 -97.5733 18.8311 15.33071 
 2017-04-01 -97.5733 18.8311 17.17227 
 2017-05-01 -97.5733 18.8311 18.39126 
 2017-06-01 -97.5733 18.8311 17.37832 
 2017-07-01 -97.5733 18.8311  16.4457 
 2017-08-01 -97.5733 18.8311 17.44448 
 2017-09-01 -97.5733 18.8311 16.92788 
 2017-10-01 -97.5733 18.8311 16.01333 
 2017-11-01 -97.5733 18.8311 14.42739 
 2017-12-01 -97.5733 18.8311 12.62246 
 2018-01-01 -97.5733 18.8311 11.59512 
 2018-02-01 -97.5733 18.8311 14.76455 
 2018-03-01 -97.5733 18.8311 16.80972 
 2018-04-01 -97.5733 18.8311 16.95498 
 2018-05-01 -97.5733 18.8311 17.63516 
 2018-06-01 -97.5733 18.8311 16.85147 
 2018-07-01 -97.5733 18.8311 16.75405 
 2018-08-01 -97.5733 18.8311  16.7731 
 2018-09-01 -97.5733 18.8311 17.47524 
 2018-10-01 -97.5733 18.8311 16.67886 
 2018-11-01 -97.5733 18.8311 15.27969 
 2018-12-01 -97.5733 18.8311 13.25234 
 2019-01-01 -97.5733 18.8311  13.2792 
 2019-02-01 -97.5733 18.8311 16.57095 
 2019-03-01 -97.5733 18.8311 16.18618 
 2019-04-01 -97.5733 18.8311 17.60928 
 2019-05-01 -97.5733 18.8311 18.79385 
 2019-06-01 -97.5733 18.8311 17.58853 
 2019-07-01 -97.5733 18.8311 16.56704 
 2019-08-01 -97.5733 18.8311 17.55776 
 2019-09-01 -97.5733 18.8311 17.02017 
 2019-10-01 -97.5733 18.8311 16.65249 
 2019-11-01 -97.5733 18.8311 15.60855 
 2019-12-01 -97.5733 18.8311 13.92568 
 2020-01-01 -97.5733 18.8311 13.32852 
 2020-02-01 -97.5733 18.8311 15.23672 
 2020-03-01 -97.5733 18.8311 16.88369 
 2020-04-01 -97.5733 18.8311 18.94668 
 2020-05-01 -97.5733 18.8311 18.32461 
 2020-06-01 -97.5733 18.8311 17.77676 
 2020-07-01 -97.5733 18.8311 17.37271 
 2020-08-01 -97.5733 18.8311 17.47622 
 2020-09-01 -97.5733 18.8311 16.89932 
 2020-10-01 -97.5733 18.8311 16.18691 
 2020-11-01 -97.5733 18.8311 15.12393 
 2020-12-01 -97.5733 18.8311 13.48306 
 2021-01-01 -97.5733 18.8311 13.69106 
 2021-02-01 -97.5733 18.8311 14.94961 
 2021-03-01 -97.5733 18.8311 16.46987 
 2021-04-01 -97.5733 18.8311 17.87905 
 2021-05-01 -97.5733 18.8311 17.55142 
 2021-06-01 -97.5733 18.8311 16.70962 
 2021-07-01 -97.5733 18.8311 16.77432 
 2021-08-01 -97.5733 18.8311 17.09512 
 2021-09-01 -97.5733 18.8311 16.73355 
 2021-10-01 -97.5733 18.8311 16.88955 
 2021-11-01 -97.5733 18.8311 13.90737 
 2021-12-01 -97.5733 18.8311 14.07534 
 2022-01-01 -97.5733 18.8311 13.12808 
 2022-02-01 -97.5733 18.8311 13.31338 
 2022-03-01 -97.5733 18.8311 15.72744 
 2022-04-01 -97.5733 18.8311 17.47964 
 2022-05-01 -97.5733 18.8311 18.03799 
 2022-06-01 -97.5733 18.8311 16.96401 
 2022-07-01 -97.5733 18.8311 17.33706 
 2022-08-01 -97.5733 18.8311 16.79824 
 2022-09-01 -97.5733 18.8311 16.27993 
 2022-10-01 -97.5733 18.8311 16.45864 
 2022-11-01 -97.5733 18.8311 15.65884 
 2022-12-01 -97.5733 18.8311 12.54043 
 2023-01-01 -97.5733 18.8311  13.1791 
 2023-02-01 -97.5733 18.8311  14.1752 
 2023-03-01 -97.5733 18.8311 16.61025 
 2023-04-01 -97.5733 18.8311 17.73403 
 2023-05-01 -97.5733 18.8311 17.27847 
 2023-06-01 -97.5733 18.8311 19.17886 
 2023-07-01 -97.5733 18.8311  17.5751 
 2023-08-01 -97.5733 18.8311 17.73013 
 2023-09-01 -97.5733 18.8311 18.22939 
 2023-10-01 -97.5733 18.8311 17.30703 
 2023-11-01 -97.5733 18.8311 16.00186 
 2023-12-01 -97.5733 18.8311 13.31973 
 2024-01-01 -97.5733 18.8311 15.15347 
 2024-02-01 -97.5733 18.8311 16.12734 
 2024-03-01 -97.5733 18.8311 18.90127 
 2024-04-01 -97.5733 18.8311 18.89346 
 2024-05-01 -97.5733 18.8311 20.90322 
 2024-06-01 -97.5733 18.8311 18.81558 
 2024-07-01 -97.5733 18.8311 17.51406 
 2024-08-01 -97.5733 18.8311 17.68887 
 2024-09-01 -97.5733 18.8311 17.80459 
 2024-10-01 -97.5733 18.8311 15.77847 
 2024-11-01 -97.5733 18.8311 15.75772 
 2024-12-01 -97.5733 18.8311   13.329 
 2025-01-01 -97.5733 18.8311 13.61831 
 2025-02-01 -97.5733 18.8311 15.43154 
 2025-03-01 -97.5733 18.8311 17.29092 
 2025-04-01 -97.5733 18.8311 16.90933 
 2025-05-01 -97.5733 18.8311 18.23965 
 2025-06-01 -97.5733 18.8311 16.72427 
 2025-07-01 -97.5733 18.8311 16.72207 
 2025-08-01 -97.5733 18.8311 17.44351 
 2025-09-01 -97.5733 18.8311 17.78677 
 2025-10-01 -97.5733 18.8311 16.57314 
 2025-11-01 -97.5733 18.8311 15.07998 
 2025-12-01 -97.5733 18.8311 14.10684 
