#      date    lon    lat    value 
cdo(1) remapnn: Nearest neighbor weights from lonlat (9x9) to lonlat (1x1) grid
 1950-01-01 -96.8694 18.7708 19.69766 
 1950-02-01 -96.8694 18.7708 19.89126 
 1950-03-01 -96.8694 18.7708 22.18936 
 1950-04-01 -96.8694 18.7708 23.19961 
 1950-05-01 -96.8694 18.7708 26.07583 
 1950-06-01 -96.8694 18.7708 24.28115 
 1950-07-01 -96.8694 18.7708 23.74746 
 1950-08-01 -96.8694 18.7708 24.42935 
 1950-09-01 -96.8694 18.7708 25.41641 
 1950-10-01 -96.8694 18.7708 22.41836 
 1950-11-01 -96.8694 18.7708 19.43154 
 1950-12-01 -96.8694 18.7708 18.85269 
 1951-01-01 -96.8694 18.7708 19.41909 
 1951-02-01 -96.8694 18.7708 18.46108 
 1951-03-01 -96.8694 18.7708 22.29189 
 1951-04-01 -96.8694 18.7708 24.18887 
 1951-05-01 -96.8694 18.7708 25.90273 
 1951-06-01 -96.8694 18.7708 24.91226 
 1951-07-01 -96.8694 18.7708 24.25552 
 1951-08-01 -96.8694 18.7708 24.99136 
 1951-09-01 -96.8694 18.7708 24.28066 
 1951-10-01 -96.8694 18.7708 23.07144 
 1951-11-01 -96.8694 18.7708 20.65298 
 1951-12-01 -96.8694 18.7708  20.1293 
 1952-01-01 -96.8694 18.7708 19.82876 
 1952-02-01 -96.8694 18.7708 19.84585 
 1952-03-01 -96.8694 18.7708 23.22769 
 1952-04-01 -96.8694 18.7708 22.51602 
 1952-05-01 -96.8694 18.7708 23.56826 
 1952-06-01 -96.8694 18.7708 23.55288 
 1952-07-01 -96.8694 18.7708 23.01406 
 1952-08-01 -96.8694 18.7708 23.84683 
 1952-09-01 -96.8694 18.7708 23.37564 
 1952-10-01 -96.8694 18.7708 20.37734 
 1952-11-01 -96.8694 18.7708 20.47891 
 1952-12-01 -96.8694 18.7708  18.7355 
 1953-01-01 -96.8694 18.7708 17.96523 
 1953-02-01 -96.8694 18.7708 20.08413 
 1953-03-01 -96.8694 18.7708 23.76895 
 1953-04-01 -96.8694 18.7708 25.47549 
 1953-05-01 -96.8694 18.7708 27.19668 
 1953-06-01 -96.8694 18.7708 24.69644 
 1953-07-01 -96.8694 18.7708 23.79897 
 1953-08-01 -96.8694 18.7708 24.94229 
 1953-09-01 -96.8694 18.7708 23.94448 
 1953-10-01 -96.8694 18.7708  22.2311 
 1953-11-01 -96.8694 18.7708 19.72988 
 1953-12-01 -96.8694 18.7708  18.3439 
 1954-01-01 -96.8694 18.7708 19.23599 
 1954-02-01 -96.8694 18.7708 19.85415 
 1954-03-01 -96.8694 18.7708 22.48599 
 1954-04-01 -96.8694 18.7708 24.14004 
 1954-05-01 -96.8694 18.7708   24.673 
 1954-06-01 -96.8694 18.7708 23.94937 
 1954-07-01 -96.8694 18.7708 22.99551 
 1954-08-01 -96.8694 18.7708 23.67031 
 1954-09-01 -96.8694 18.7708 23.22256 
 1954-10-01 -96.8694 18.7708 21.77969 
 1954-11-01 -96.8694 18.7708 19.30337 
 1954-12-01 -96.8694 18.7708  17.1022 
 1955-01-01 -96.8694 18.7708 18.13418 
 1955-02-01 -96.8694 18.7708 18.46963 
 1955-03-01 -96.8694 18.7708 21.89175 
 1955-04-01 -96.8694 18.7708  25.7001 
 1955-05-01 -96.8694 18.7708 26.86611 
 1955-06-01 -96.8694 18.7708 25.29165 
 1955-07-01 -96.8694 18.7708 22.87026 
 1955-08-01 -96.8694 18.7708 23.64834 
 1955-09-01 -96.8694 18.7708 23.28384 
 1955-10-01 -96.8694 18.7708 21.52163 
 1955-11-01 -96.8694 18.7708 20.60439 
 1955-12-01 -96.8694 18.7708 18.73232 
 1956-01-01 -96.8694 18.7708 17.47622 
 1956-02-01 -96.8694 18.7708 20.17764 
 1956-03-01 -96.8694 18.7708 21.44912 
 1956-04-01 -96.8694 18.7708 24.09121 
 1956-05-01 -96.8694 18.7708 23.44619 
 1956-06-01 -96.8694 18.7708 22.87075 
 1956-07-01 -96.8694 18.7708 22.84439 
 1956-08-01 -96.8694 18.7708 23.79434 
 1956-09-01 -96.8694 18.7708 22.71963 
 1956-10-01 -96.8694 18.7708  21.9894 
 1956-11-01 -96.8694 18.7708 19.35562 
 1956-12-01 -96.8694 18.7708 18.75039 
 1957-01-01 -96.8694 18.7708 19.02749 
 1957-02-01 -96.8694 18.7708  20.6415 
 1957-03-01 -96.8694 18.7708 21.22402 
 1957-04-01 -96.8694 18.7708 24.04165 
 1957-05-01 -96.8694 18.7708 24.99966 
 1957-06-01 -96.8694 18.7708 24.89321 
 1957-07-01 -96.8694 18.7708 23.70693 
 1957-08-01 -96.8694 18.7708 23.77798 
 1957-09-01 -96.8694 18.7708 23.70083 
 1957-10-01 -96.8694 18.7708 21.75674 
 1957-11-01 -96.8694 18.7708 20.98452 
 1957-12-01 -96.8694 18.7708 18.15859 
 1958-01-01 -96.8694 18.7708 16.74893 
 1958-02-01 -96.8694 18.7708 18.47329 
 1958-03-01 -96.8694 18.7708 20.24209 
 1958-04-01 -96.8694 18.7708 24.03481 
 1958-05-01 -96.8694 18.7708 24.74258 
 1958-06-01 -96.8694 18.7708  24.7665 
 1958-07-01 -96.8694 18.7708 23.31411 
 1958-08-01 -96.8694 18.7708 24.65689 
 1958-09-01 -96.8694 18.7708 23.94229 
 1958-10-01 -96.8694 18.7708 22.23623 
 1958-11-01 -96.8694 18.7708 21.00381 
 1958-12-01 -96.8694 18.7708 18.47598 
 1959-01-01 -96.8694 18.7708 17.78677 
 1959-02-01 -96.8694 18.7708  20.4938 
 1959-03-01 -96.8694 18.7708 20.46377 
 1959-04-01 -96.8694 18.7708 22.40127 
 1959-05-01 -96.8694 18.7708 24.11147 
 1959-06-01 -96.8694 18.7708 23.92666 
 1959-07-01 -96.8694 18.7708 23.19814 
 1959-08-01 -96.8694 18.7708 23.43398 
 1959-09-01 -96.8694 18.7708 23.60415 
 1959-10-01 -96.8694 18.7708 22.81875 
 1959-11-01 -96.8694 18.7708 19.51675 
 1959-12-01 -96.8694 18.7708 18.19888 
 1960-01-01 -96.8694 18.7708 19.01797 
 1960-02-01 -96.8694 18.7708 17.58462 
 1960-03-01 -96.8694 18.7708 20.39395 
 1960-04-01 -96.8694 18.7708 23.63149 
 1960-05-01 -96.8694 18.7708 25.96401 
 1960-06-01 -96.8694 18.7708 25.06216 
 1960-07-01 -96.8694 18.7708 23.69033 
 1960-08-01 -96.8694 18.7708 23.78628 
 1960-09-01 -96.8694 18.7708 22.83682 
 1960-10-01 -96.8694 18.7708 23.27529 
 1960-11-01 -96.8694 18.7708 20.88003 
 1960-12-01 -96.8694 18.7708 18.19204 
 1961-01-01 -96.8694 18.7708 17.69961 
 1961-02-01 -96.8694 18.7708 18.35708 
 1961-03-01 -96.8694 18.7708 21.90566 
 1961-04-01 -96.8694 18.7708 23.20303 
 1961-05-01 -96.8694 18.7708 26.24648 
 1961-06-01 -96.8694 18.7708 23.98989 
 1961-07-01 -96.8694 18.7708 22.89663 
 1961-08-01 -96.8694 18.7708 23.25039 
 1961-09-01 -96.8694 18.7708 23.58657 
 1961-10-01 -96.8694 18.7708 21.48525 
 1961-11-01 -96.8694 18.7708 20.58291 
 1961-12-01 -96.8694 18.7708 19.39224 
 1962-01-01 -96.8694 18.7708 17.30142 
 1962-02-01 -96.8694 18.7708 21.47793 
 1962-03-01 -96.8694 18.7708  21.5104 
 1962-04-01 -96.8694 18.7708 22.57632 
 1962-05-01 -96.8694 18.7708  24.6813 
 1962-06-01 -96.8694 18.7708 25.72573 
 1962-07-01 -96.8694 18.7708 24.19766 
 1962-08-01 -96.8694 18.7708 25.12222 
 1962-09-01 -96.8694 18.7708 23.82754 
 1962-10-01 -96.8694 18.7708 23.29385 
 1962-11-01 -96.8694 18.7708 19.95693 
 1962-12-01 -96.8694 18.7708 19.18496 
 1963-01-01 -96.8694 18.7708 18.22915 
 1963-02-01 -96.8694 18.7708 18.25625 
 1963-03-01 -96.8694 18.7708   22.902 
 1963-04-01 -96.8694 18.7708 26.17837 
 1963-05-01 -96.8694 18.7708 25.43936 
 1963-06-01 -96.8694 18.7708  25.8085 
 1963-07-01 -96.8694 18.7708 23.80874 
 1963-08-01 -96.8694 18.7708 24.28677 
 1963-09-01 -96.8694 18.7708 23.68569 
 1963-10-01 -96.8694 18.7708 22.48867 
 1963-11-01 -96.8694 18.7708  21.2106 
 1963-12-01 -96.8694 18.7708 17.64297 
 1964-01-01 -96.8694 18.7708 17.90103 
 1964-02-01 -96.8694 18.7708 18.47451 
 1964-03-01 -96.8694 18.7708 22.27041 
 1964-04-01 -96.8694 18.7708 25.50088 
 1964-05-01 -96.8694 18.7708 25.89858 
 1964-06-01 -96.8694 18.7708 23.57778 
 1964-07-01 -96.8694 18.7708  23.4855 
 1964-08-01 -96.8694 18.7708 24.88638 
 1964-09-01 -96.8694 18.7708 24.18936 
 1964-10-01 -96.8694 18.7708 21.22671 
 1964-11-01 -96.8694 18.7708 21.07241 
 1964-12-01 -96.8694 18.7708 19.31045 
 1965-01-01 -96.8694 18.7708 18.38418 
 1965-02-01 -96.8694 18.7708 18.96279 
 1965-03-01 -96.8694 18.7708 20.45474 
 1965-04-01 -96.8694 18.7708 25.07046 
 1965-05-01 -96.8694 18.7708 26.02383 
 1965-06-01 -96.8694 18.7708 25.11831 
 1965-07-01 -96.8694 18.7708 23.29824 
 1965-08-01 -96.8694 18.7708 23.36563 
 1965-09-01 -96.8694 18.7708 24.16128 
 1965-10-01 -96.8694 18.7708 22.08657 
 1965-11-01 -96.8694 18.7708 21.14565 
 1965-12-01 -96.8694 18.7708  19.2228 
 1966-01-01 -96.8694 18.7708 17.16714 
 1966-02-01 -96.8694 18.7708 18.54141 
 1966-03-01 -96.8694 18.7708 19.49307 
 1966-04-01 -96.8694 18.7708 23.88955 
 1966-05-01 -96.8694 18.7708 24.88272 
 1966-06-01 -96.8694 18.7708 24.17373 
 1966-07-01 -96.8694 18.7708 23.90273 
 1966-08-01 -96.8694 18.7708 24.22598 
 1966-09-01 -96.8694 18.7708 23.67007 
 1966-10-01 -96.8694 18.7708 22.23037 
 1966-11-01 -96.8694 18.7708 19.08022 
 1966-12-01 -96.8694 18.7708 18.06631 
 1967-01-01 -96.8694 18.7708 18.10366 
 1967-02-01 -96.8694 18.7708 18.48867 
 1967-03-01 -96.8694 18.7708 21.52261 
 1967-04-01 -96.8694 18.7708 24.35195 
 1967-05-01 -96.8694 18.7708 25.67666 
 1967-06-01 -96.8694 18.7708 25.08755 
 1967-07-01 -96.8694 18.7708 24.36758 
 1967-08-01 -96.8694 18.7708 24.47476 
 1967-09-01 -96.8694 18.7708 23.33584 
 1967-10-01 -96.8694 18.7708 21.87344 
 1967-11-01 -96.8694 18.7708 20.39102 
 1967-12-01 -96.8694 18.7708  20.1166 
 1968-01-01 -96.8694 18.7708 18.80557 
 1968-02-01 -96.8694 18.7708 17.99478 
 1968-03-01 -96.8694 18.7708 19.15249 
 1968-04-01 -96.8694 18.7708 24.18154 
 1968-05-01 -96.8694 18.7708 25.16885 
 1968-06-01 -96.8694 18.7708 25.04751 
 1968-07-01 -96.8694 18.7708 23.78628 
 1968-08-01 -96.8694 18.7708 24.12637 
 1968-09-01 -96.8694 18.7708 24.15127 
 1968-10-01 -96.8694 18.7708 22.85952 
 1968-11-01 -96.8694 18.7708  20.5856 
 1968-12-01 -96.8694 18.7708 19.38149 
 1969-01-01 -96.8694 18.7708 19.14785 
 1969-02-01 -96.8694 18.7708  20.1022 
 1969-03-01 -96.8694 18.7708 19.67178 
 1969-04-01 -96.8694 18.7708 23.94253 
 1969-05-01 -96.8694 18.7708 24.79824 
 1969-06-01 -96.8694 18.7708 25.61392 
 1969-07-01 -96.8694 18.7708  24.8124 
 1969-08-01 -96.8694 18.7708  24.0773 
 1969-09-01 -96.8694 18.7708 23.65933 
 1969-10-01 -96.8694 18.7708 23.51699 
 1969-11-01 -96.8694 18.7708 20.39297 
 1969-12-01 -96.8694 18.7708 19.35415 
 1970-01-01 -96.8694 18.7708 18.25308 
 1970-02-01 -96.8694 18.7708 18.16738 
 1970-03-01 -96.8694 18.7708   20.454 
 1970-04-01 -96.8694 18.7708 24.73281 
 1970-05-01 -96.8694 18.7708 24.16592 
 1970-06-01 -96.8694 18.7708 24.80044 
 1970-07-01 -96.8694 18.7708 23.92666 
 1970-08-01 -96.8694 18.7708 24.64761 
 1970-09-01 -96.8694 18.7708 24.09414 
 1970-10-01 -96.8694 18.7708 23.48477 
 1970-11-01 -96.8694 18.7708 19.11733 
 1970-12-01 -96.8694 18.7708  20.0519 
 1971-01-01 -96.8694 18.7708 19.87002 
 1971-02-01 -96.8694 18.7708 20.00772 
 1971-03-01 -96.8694 18.7708 22.13272 
 1971-04-01 -96.8694 18.7708 22.95278 
 1971-05-01 -96.8694 18.7708 25.36001 
 1971-06-01 -96.8694 18.7708 24.77896 
 1971-07-01 -96.8694 18.7708 23.99893 
 1971-08-01 -96.8694 18.7708 24.42446 
 1971-09-01 -96.8694 18.7708  24.5624 
 1971-10-01 -96.8694 18.7708 23.14053 
 1971-11-01 -96.8694 18.7708 21.52407 
 1971-12-01 -96.8694 18.7708 20.84268 
 1972-01-01 -96.8694 18.7708 20.12441 
 1972-02-01 -96.8694 18.7708  19.0314 
 1972-03-01 -96.8694 18.7708 22.91934 
 1972-04-01 -96.8694 18.7708 24.84439 
 1972-05-01 -96.8694 18.7708 25.21328 
 1972-06-01 -96.8694 18.7708 24.66958 
 1972-07-01 -96.8694 18.7708 23.50674 
 1972-08-01 -96.8694 18.7708 23.41982 
 1972-09-01 -96.8694 18.7708 23.84585 
 1972-10-01 -96.8694 18.7708 23.18765 
 1972-11-01 -96.8694 18.7708 22.15933 
 1972-12-01 -96.8694 18.7708 19.44058 
 1973-01-01 -96.8694 18.7708 18.05117 
 1973-02-01 -96.8694 18.7708  18.4855 
 1973-03-01 -96.8694 18.7708 23.01211 
 1973-04-01 -96.8694 18.7708 23.71182 
 1973-05-01 -96.8694 18.7708 25.05654 
 1973-06-01 -96.8694 18.7708 24.34609 
 1973-07-01 -96.8694 18.7708 24.12515 
 1973-08-01 -96.8694 18.7708 23.82363 
 1973-09-01 -96.8694 18.7708 24.27847 
 1973-10-01 -96.8694 18.7708 22.90713 
 1973-11-01 -96.8694 18.7708 22.09146 
 1973-12-01 -96.8694 18.7708 18.35635 
 1974-01-01 -96.8694 18.7708 20.36733 
 1974-02-01 -96.8694 18.7708 19.27065 
 1974-03-01 -96.8694 18.7708 22.15786 
 1974-04-01 -96.8694 18.7708 23.83096 
 1974-05-01 -96.8694 18.7708 25.29824 
 1974-06-01 -96.8694 18.7708 24.16885 
 1974-07-01 -96.8694 18.7708 23.60439 
 1974-08-01 -96.8694 18.7708 25.02578 
 1974-09-01 -96.8694 18.7708 23.89126 
 1974-10-01 -96.8694 18.7708 21.89541 
 1974-11-01 -96.8694 18.7708 20.71523 
 1974-12-01 -96.8694 18.7708 19.60708 
 1975-01-01 -96.8694 18.7708 19.07656 
 1975-02-01 -96.8694 18.7708  20.4645 
 1975-03-01 -96.8694 18.7708 23.17935 
 1975-04-01 -96.8694 18.7708 25.37368 
 1975-05-01 -96.8694 18.7708 27.05776 
 1975-06-01 -96.8694 18.7708 24.99185 
 1975-07-01 -96.8694 18.7708 24.63198 
 1975-08-01 -96.8694 18.7708 25.19424 
 1975-09-01 -96.8694 18.7708 23.58706 
 1975-10-01 -96.8694 18.7708 22.71353 
 1975-11-01 -96.8694 18.7708 21.68814 
 1975-12-01 -96.8694 18.7708 19.26699 
 1976-01-01 -96.8694 18.7708 17.85366 
 1976-02-01 -96.8694 18.7708 19.14981 
 1976-03-01 -96.8694 18.7708 23.73208 
 1976-04-01 -96.8694 18.7708 24.54678 
 1976-05-01 -96.8694 18.7708 24.89663 
 1976-06-01 -96.8694 18.7708 24.67251 
 1976-07-01 -96.8694 18.7708 24.37759 
 1976-08-01 -96.8694 18.7708 24.26675 
 1976-09-01 -96.8694 18.7708 24.61172 
 1976-10-01 -96.8694 18.7708  22.5939 
 1976-11-01 -96.8694 18.7708 19.58755 
 1976-12-01 -96.8694 18.7708 18.41958 
 1977-01-01 -96.8694 18.7708 18.41763 
 1977-02-01 -96.8694 18.7708 18.90566 
 1977-03-01 -96.8694 18.7708   22.475 
 1977-04-01 -96.8694 18.7708 22.73013 
 1977-05-01 -96.8694 18.7708 25.76455 
 1977-06-01 -96.8694 18.7708 24.90933 
 1977-07-01 -96.8694 18.7708  24.7936 
 1977-08-01 -96.8694 18.7708 25.73867 
 1977-09-01 -96.8694 18.7708 25.47769 
 1977-10-01 -96.8694 18.7708 23.92446 
 1977-11-01 -96.8694 18.7708 22.17422 
 1977-12-01 -96.8694 18.7708 20.65371 
 1978-01-01 -96.8694 18.7708 18.99209 
 1978-02-01 -96.8694 18.7708 18.66274 
 1978-03-01 -96.8694 18.7708 20.74673 
 1978-04-01 -96.8694 18.7708 24.28481 
 1978-05-01 -96.8694 18.7708 26.69888 
 1978-06-01 -96.8694 18.7708 24.93301 
 1978-07-01 -96.8694 18.7708 24.77188 
 1978-08-01 -96.8694 18.7708 25.07754 
 1978-09-01 -96.8694 18.7708 24.72402 
 1978-10-01 -96.8694 18.7708 23.00356 
 1978-11-01 -96.8694 18.7708  22.4103 
 1978-12-01 -96.8694 18.7708 20.35903 
 1979-01-01 -96.8694 18.7708 18.85244 
 1979-02-01 -96.8694 18.7708 19.99331 
 1979-03-01 -96.8694 18.7708 22.20498 
 1979-04-01 -96.8694 18.7708 25.46499 
 1979-05-01 -96.8694 18.7708 25.08779 
 1979-06-01 -96.8694 18.7708 24.92886 
 1979-07-01 -96.8694 18.7708  25.2499 
 1979-08-01 -96.8694 18.7708 24.48477 
 1979-09-01 -96.8694 18.7708 24.07559 
 1979-10-01 -96.8694 18.7708 24.03677 
 1979-11-01 -96.8694 18.7708 20.74526 
 1979-12-01 -96.8694 18.7708 19.81973 
 1980-01-01 -96.8694 18.7708 19.97622 
 1980-02-01 -96.8694 18.7708  19.5292 
 1980-03-01 -96.8694 18.7708 23.19204 
 1980-04-01 -96.8694 18.7708 23.46353 
 1980-05-01 -96.8694 18.7708 27.60317 
 1980-06-01 -96.8694 18.7708 25.67446 
 1980-07-01 -96.8694 18.7708 26.28213 
 1980-08-01 -96.8694 18.7708 25.83804 
 1980-09-01 -96.8694 18.7708 25.29019 
 1980-10-01 -96.8694 18.7708 23.45596 
 1980-11-01 -96.8694 18.7708 20.50283 
 1980-12-01 -96.8694 18.7708 19.33535 
 1981-01-01 -96.8694 18.7708 18.13906 
 1981-02-01 -96.8694 18.7708 19.59927 
 1981-03-01 -96.8694 18.7708 22.02041 
 1981-04-01 -96.8694 18.7708 24.58828 
 1981-05-01 -96.8694 18.7708 26.27749 
 1981-06-01 -96.8694 18.7708 25.13247 
 1981-07-01 -96.8694 18.7708 24.83731 
 1981-08-01 -96.8694 18.7708 24.85439 
 1981-09-01 -96.8694 18.7708  24.5895 
 1981-10-01 -96.8694 18.7708 24.04116 
 1981-11-01 -96.8694 18.7708 21.28359 
 1981-12-01 -96.8694 18.7708 20.63931 
 1982-01-01 -96.8694 18.7708 20.55947 
 1982-02-01 -96.8694 18.7708 20.88027 
 1982-03-01 -96.8694 18.7708 23.25186 
 1982-04-01 -96.8694 18.7708 25.83804 
 1982-05-01 -96.8694 18.7708 25.58486 
 1982-06-01 -96.8694 18.7708 26.04702 
 1982-07-01 -96.8694 18.7708 24.41445 
 1982-08-01 -96.8694 18.7708 24.75015 
 1982-09-01 -96.8694 18.7708 24.52749 
 1982-10-01 -96.8694 18.7708   23.204 
 1982-11-01 -96.8694 18.7708  21.3168 
 1982-12-01 -96.8694 18.7708 19.76309 
 1983-01-01 -96.8694 18.7708 18.57876 
 1983-02-01 -96.8694 18.7708 18.89004 
 1983-03-01 -96.8694 18.7708 21.49746 
 1983-04-01 -96.8694 18.7708 22.92202 
 1983-05-01 -96.8694 18.7708 26.84658 
 1983-06-01 -96.8694 18.7708 26.19424 
 1983-07-01 -96.8694 18.7708 24.60977 
 1983-08-01 -96.8694 18.7708 25.23696 
 1983-09-01 -96.8694 18.7708 24.83047 
 1983-10-01 -96.8694 18.7708 23.45645 
 1983-11-01 -96.8694 18.7708 22.53481 
 1983-12-01 -96.8694 18.7708 20.55606 
 1984-01-01 -96.8694 18.7708 18.57022 
 1984-02-01 -96.8694 18.7708 19.39981 
 1984-03-01 -96.8694 18.7708 21.58315 
 1984-04-01 -96.8694 18.7708 24.97476 
 1984-05-01 -96.8694 18.7708 25.10903 
 1984-06-01 -96.8694 18.7708 24.54067 
 1984-07-01 -96.8694 18.7708 24.28335 
 1984-08-01 -96.8694 18.7708 24.27163 
 1984-09-01 -96.8694 18.7708 23.54409 
 1984-10-01 -96.8694 18.7708 24.25576 
 1984-11-01 -96.8694 18.7708 21.08828 
 1984-12-01 -96.8694 18.7708 20.61978 
 1985-01-01 -96.8694 18.7708 18.23989 
 1985-02-01 -96.8694 18.7708 19.67837 
 1985-03-01 -96.8694 18.7708 22.29189 
 1985-04-01 -96.8694 18.7708 23.98379 
 1985-05-01 -96.8694 18.7708 25.74771 
 1985-06-01 -96.8694 18.7708 25.34072 
 1985-07-01 -96.8694 18.7708 24.69644 
 1985-08-01 -96.8694 18.7708 24.79824 
 1985-09-01 -96.8694 18.7708 24.39321 
 1985-10-01 -96.8694 18.7708 23.15908 
 1985-11-01 -96.8694 18.7708 21.89981 
 1985-12-01 -96.8694 18.7708 20.02505 
 1986-01-01 -96.8694 18.7708 18.01626 
 1986-02-01 -96.8694 18.7708  21.4772 
 1986-03-01 -96.8694 18.7708 20.94692 
 1986-04-01 -96.8694 18.7708 24.79873 
 1986-05-01 -96.8694 18.7708 25.57876 
 1986-06-01 -96.8694 18.7708 25.00796 
 1986-07-01 -96.8694 18.7708  24.0812 
 1986-08-01 -96.8694 18.7708 24.97183 
 1986-09-01 -96.8694 18.7708 24.55874 
 1986-10-01 -96.8694 18.7708 23.46108 
 1986-11-01 -96.8694 18.7708 22.33706 
 1986-12-01 -96.8694 18.7708 19.84927 
 1987-01-01 -96.8694 18.7708 17.84634 
 1987-02-01 -96.8694 18.7708 20.16104 
 1987-03-01 -96.8694 18.7708 21.18081 
 1987-04-01 -96.8694 18.7708 21.41079 
 1987-05-01 -96.8694 18.7708 25.65566 
 1987-06-01 -96.8694 18.7708  25.5563 
 1987-07-01 -96.8694 18.7708 24.57217 
 1987-08-01 -96.8694 18.7708 25.25527 
 1987-09-01 -96.8694 18.7708 25.61733 
 1987-10-01 -96.8694 18.7708 22.32095 
 1987-11-01 -96.8694 18.7708 21.22256 
 1987-12-01 -96.8694 18.7708 20.86953 
 1988-01-01 -96.8694 18.7708 18.77017 
 1988-02-01 -96.8694 18.7708 19.56875 
 1988-03-01 -96.8694 18.7708 21.37979 
 1988-04-01 -96.8694 18.7708 24.97256 
 1988-05-01 -96.8694 18.7708 25.01797 
 1988-06-01 -96.8694 18.7708 24.98843 
 1988-07-01 -96.8694 18.7708 25.25112 
 1988-08-01 -96.8694 18.7708 24.93594 
 1988-09-01 -96.8694 18.7708 24.51797 
 1988-10-01 -96.8694 18.7708 22.70205 
 1988-11-01 -96.8694 18.7708 22.16226 
 1988-12-01 -96.8694 18.7708 19.54775 
 1989-01-01 -96.8694 18.7708 20.92544 
 1989-02-01 -96.8694 18.7708 20.41616 
 1989-03-01 -96.8694 18.7708 21.36514 
 1989-04-01 -96.8694 18.7708 23.82461 
 1989-05-01 -96.8694 18.7708 26.08877 
 1989-06-01 -96.8694 18.7708 25.42715 
 1989-07-01 -96.8694 18.7708 25.00332 
 1989-08-01 -96.8694 18.7708 24.96182 
 1989-09-01 -96.8694 18.7708 24.21108 
 1989-10-01 -96.8694 18.7708 23.02871 
 1989-11-01 -96.8694 18.7708 22.26089 
 1989-12-01 -96.8694 18.7708  17.7958 
 1990-01-01 -96.8694 18.7708 20.12344 
 1990-02-01 -96.8694 18.7708 20.83779 
 1990-03-01 -96.8694 18.7708 21.75747 
 1990-04-01 -96.8694 18.7708 24.31899 
 1990-05-01 -96.8694 18.7708  26.4606 
 1990-06-01 -96.8694 18.7708 25.29019 
 1990-07-01 -96.8694 18.7708 25.02212 
 1990-08-01 -96.8694 18.7708 25.10171 
 1990-09-01 -96.8694 18.7708 24.94106 
 1990-10-01 -96.8694 18.7708  23.5585 
 1990-11-01 -96.8694 18.7708 21.91763 
 1990-12-01 -96.8694 18.7708 19.39199 
 1991-01-01 -96.8694 18.7708 20.40981 
 1991-02-01 -96.8694 18.7708  20.0187 
 1991-03-01 -96.8694 18.7708 23.53897 
 1991-04-01 -96.8694 18.7708 25.92666 
 1991-05-01 -96.8694 18.7708 26.52798 
 1991-06-01 -96.8694 18.7708 25.67959 
 1991-07-01 -96.8694 18.7708 24.93301 
 1991-08-01 -96.8694 18.7708 25.66299 
 1991-09-01 -96.8694 18.7708 24.47598 
 1991-10-01 -96.8694 18.7708 23.75625 
 1991-11-01 -96.8694 18.7708 20.59976 
 1991-12-01 -96.8694 18.7708 20.41348 
 1992-01-01 -96.8694 18.7708  18.8085 
 1992-02-01 -96.8694 18.7708 19.76675 
 1992-03-01 -96.8694 18.7708 22.62564 
 1992-04-01 -96.8694 18.7708 23.58999 
 1992-05-01 -96.8694 18.7708 24.24697 
 1992-06-01 -96.8694 18.7708 26.10928 
 1992-07-01 -96.8694 18.7708 24.99258 
 1992-08-01 -96.8694 18.7708 24.75088 
 1992-09-01 -96.8694 18.7708 24.43984 
 1992-10-01 -96.8694 18.7708 23.60293 
 1992-11-01 -96.8694 18.7708 21.58267 
 1992-12-01 -96.8694 18.7708 21.11953 
 1993-01-01 -96.8694 18.7708 20.48916 
 1993-02-01 -96.8694 18.7708 20.98159 
 1993-03-01 -96.8694 18.7708 21.85708 
 1993-04-01 -96.8694 18.7708 24.33755 
 1993-05-01 -96.8694 18.7708 24.99111 
 1993-06-01 -96.8694 18.7708 25.40859 
 1993-07-01 -96.8694 18.7708 25.29605 
 1993-08-01 -96.8694 18.7708 24.96475 
 1993-09-01 -96.8694 18.7708 24.33633 
 1993-10-01 -96.8694 18.7708 23.79165 
 1993-11-01 -96.8694 18.7708   21.402 
 1993-12-01 -96.8694 18.7708 20.11099 
 1994-01-01 -96.8694 18.7708 19.33804 
 1994-02-01 -96.8694 18.7708 20.66519 
 1994-03-01 -96.8694 18.7708 22.48355 
 1994-04-01 -96.8694 18.7708 24.92373 
 1994-05-01 -96.8694 18.7708 26.41226 
 1994-06-01 -96.8694 18.7708 25.72012 
 1994-07-01 -96.8694 18.7708 25.77969 
 1994-08-01 -96.8694 18.7708 25.03311 
 1994-09-01 -96.8694 18.7708 24.83291 
 1994-10-01 -96.8694 18.7708 24.66299 
 1994-11-01 -96.8694 18.7708 23.17105 
 1994-12-01 -96.8694 18.7708 21.38931 
 1995-01-01 -96.8694 18.7708 20.54238 
 1995-02-01 -96.8694 18.7708 21.42397 
 1995-03-01 -96.8694 18.7708 23.15762 
 1995-04-01 -96.8694 18.7708 25.11611 
 1995-05-01 -96.8694 18.7708 28.29531 
 1995-06-01 -96.8694 18.7708 26.97647 
 1995-07-01 -96.8694 18.7708 25.28286 
 1995-08-01 -96.8694 18.7708 25.31899 
 1995-09-01 -96.8694 18.7708 25.15737 
 1995-10-01 -96.8694 18.7708 23.97988 
 1995-11-01 -96.8694 18.7708 22.31973 
 1995-12-01 -96.8694 18.7708 20.45913 
 1996-01-01 -96.8694 18.7708 18.24356 
 1996-02-01 -96.8694 18.7708 20.30679 
 1996-03-01 -96.8694 18.7708 21.07534 
 1996-04-01 -96.8694 18.7708 23.77358 
 1996-05-01 -96.8694 18.7708 26.38394 
 1996-06-01 -96.8694 18.7708 25.11904 
 1996-07-01 -96.8694 18.7708 25.37051 
 1996-08-01 -96.8694 18.7708   24.996 
 1996-09-01 -96.8694 18.7708 26.25039 
 1996-10-01 -96.8694 18.7708 24.08853 
 1996-11-01 -96.8694 18.7708 21.23452 
 1996-12-01 -96.8694 18.7708 20.41665 
 1997-01-01 -96.8694 18.7708 19.36392 
 1997-02-01 -96.8694 18.7708 20.44497 
 1997-03-01 -96.8694 18.7708  23.2023 
 1997-04-01 -96.8694 18.7708  24.1188 
 1997-05-01 -96.8694 18.7708 24.86611 
 1997-06-01 -96.8694 18.7708 26.38101 
 1997-07-01 -96.8694 18.7708 25.53335 
 1997-08-01 -96.8694 18.7708 25.98818 
 1997-09-01 -96.8694 18.7708 24.81582 
 1997-10-01 -96.8694 18.7708 23.30898 
 1997-11-01 -96.8694 18.7708 22.54019 
 1997-12-01 -96.8694 18.7708 18.98574 
 1998-01-01 -96.8694 18.7708 19.85366 
 1998-02-01 -96.8694 18.7708 20.32363 
 1998-03-01 -96.8694 18.7708 21.78579 
 1998-04-01 -96.8694 18.7708 24.00991 
 1998-05-01 -96.8694 18.7708 26.90151 
 1998-06-01 -96.8694 18.7708 27.28359 
 1998-07-01 -96.8694 18.7708 25.31851 
 1998-08-01 -96.8694 18.7708 25.75259 
 1998-09-01 -96.8694 18.7708 25.21987 
 1998-10-01 -96.8694 18.7708 24.11709 
 1998-11-01 -96.8694 18.7708  22.8793 
 1998-12-01 -96.8694 18.7708 20.07681 
 1999-01-01 -96.8694 18.7708 19.19302 
 1999-02-01 -96.8694 18.7708  20.5773 
 1999-03-01 -96.8694 18.7708 22.76455 
 1999-04-01 -96.8694 18.7708 25.79629 
 1999-05-01 -96.8694 18.7708 27.42446 
 1999-06-01 -96.8694 18.7708 25.92471 
 1999-07-01 -96.8694 18.7708 24.58291 
 1999-08-01 -96.8694 18.7708 25.36221 
 1999-09-01 -96.8694 18.7708 24.34634 
 1999-10-01 -96.8694 18.7708 22.77188 
 1999-11-01 -96.8694 18.7708 20.42739 
 1999-12-01 -96.8694 18.7708 18.92397 
 2000-01-01 -96.8694 18.7708 19.34414 
 2000-02-01 -96.8694 18.7708 20.47769 
 2000-03-01 -96.8694 18.7708 23.96182 
 2000-04-01 -96.8694 18.7708 24.55093 
 2000-05-01 -96.8694 18.7708 25.81094 
 2000-06-01 -96.8694 18.7708 24.91421 
 2000-07-01 -96.8694 18.7708 25.39639 
 2000-08-01 -96.8694 18.7708 24.60439 
 2000-09-01 -96.8694 18.7708 24.79678 
 2000-10-01 -96.8694 18.7708 23.21353 
 2000-11-01 -96.8694 18.7708 21.95669 
 2000-12-01 -96.8694 18.7708 18.83584 
 2001-01-01 -96.8694 18.7708 18.69326 
 2001-02-01 -96.8694 18.7708 21.03628 
 2001-03-01 -96.8694 18.7708 21.72915 
 2001-04-01 -96.8694 18.7708 24.67593 
 2001-05-01 -96.8694 18.7708  24.6271 
 2001-06-01 -96.8694 18.7708 24.89297 
 2001-07-01 -96.8694 18.7708 25.05483 
 2001-08-01 -96.8694 18.7708 24.75576 
 2001-09-01 -96.8694 18.7708 24.82925 
 2001-10-01 -96.8694 18.7708 23.21426 
 2001-11-01 -96.8694 18.7708 21.41738 
 2001-12-01 -96.8694 18.7708 20.03726 
 2002-01-01 -96.8694 18.7708 19.22793 
 2002-02-01 -96.8694 18.7708 19.33731 
 2002-03-01 -96.8694 18.7708 22.45034 
 2002-04-01 -96.8694 18.7708 25.05361 
 2002-05-01 -96.8694 18.7708 25.94912 
 2002-06-01 -96.8694 18.7708 25.18887 
 2002-07-01 -96.8694 18.7708 24.91055 
 2002-08-01 -96.8694 18.7708 25.43423 
 2002-09-01 -96.8694 18.7708 25.16909 
 2002-10-01 -96.8694 18.7708 24.60147 
 2002-11-01 -96.8694 18.7708 20.84414 
 2002-12-01 -96.8694 18.7708 19.36758 
 2003-01-01 -96.8694 18.7708 18.22671 
 2003-02-01 -96.8694 18.7708 20.66812 
 2003-03-01 -96.8694 18.7708 22.93008 
 2003-04-01 -96.8694 18.7708 24.63467 
 2003-05-01 -96.8694 18.7708 27.44595 
 2003-06-01 -96.8694 18.7708 25.81606 
 2003-07-01 -96.8694 18.7708 25.11953 
 2003-08-01 -96.8694 18.7708 25.56997 
 2003-09-01 -96.8694 18.7708  25.1398 
 2003-10-01 -96.8694 18.7708 24.00356 
 2003-11-01 -96.8694 18.7708 21.39248 
 2003-12-01 -96.8694 18.7708 17.76455 
 2004-01-01 -96.8694 18.7708  19.1979 
 2004-02-01 -96.8694 18.7708 19.21719 
 2004-03-01 -96.8694 18.7708  22.2875 
 2004-04-01 -96.8694 18.7708 23.26357 
 2004-05-01 -96.8694 18.7708 25.15615 
 2004-06-01 -96.8694 18.7708 25.25918 
 2004-07-01 -96.8694 18.7708 25.42959 
 2004-08-01 -96.8694 18.7708 25.72598 
 2004-09-01 -96.8694 18.7708 25.34463 
 2004-10-01 -96.8694 18.7708  24.9457 
 2004-11-01 -96.8694 18.7708  22.2604 
 2004-12-01 -96.8694 18.7708  19.2875 
 2005-01-01 -96.8694 18.7708 19.74673 
 2005-02-01 -96.8694 18.7708   20.527 
 2005-03-01 -96.8694 18.7708 22.05703 
 2005-04-01 -96.8694 18.7708 24.15078 
 2005-05-01 -96.8694 18.7708 25.11245 
 2005-06-01 -96.8694 18.7708 26.37686 
 2005-07-01 -96.8694 18.7708 25.58608 
 2005-08-01 -96.8694 18.7708 25.19302 
 2005-09-01 -96.8694 18.7708 25.14199 
 2005-10-01 -96.8694 18.7708 23.75723 
 2005-11-01 -96.8694 18.7708 21.11831 
 2005-12-01 -96.8694 18.7708 20.21426 
 2006-01-01 -96.8694 18.7708 19.37954 
 2006-02-01 -96.8694 18.7708 19.80557 
 2006-03-01 -96.8694 18.7708 22.86074 
 2006-04-01 -96.8694 18.7708 25.60342 
 2006-05-01 -96.8694 18.7708 25.85781 
 2006-06-01 -96.8694 18.7708  25.0292 
 2006-07-01 -96.8694 18.7708  24.7084 
 2006-08-01 -96.8694 18.7708  25.2394 
 2006-09-01 -96.8694 18.7708 25.45815 
 2006-10-01 -96.8694 18.7708 24.69106 
 2006-11-01 -96.8694 18.7708 21.31582 
 2006-12-01 -96.8694 18.7708 19.88296 
 2007-01-01 -96.8694 18.7708 19.41079 
 2007-02-01 -96.8694 18.7708 20.20596 
 2007-03-01 -96.8694 18.7708 22.18032 
 2007-04-01 -96.8694 18.7708  24.0939 
 2007-05-01 -96.8694 18.7708 25.46865 
 2007-06-01 -96.8694 18.7708 25.88564 
 2007-07-01 -96.8694 18.7708 25.47183 
 2007-08-01 -96.8694 18.7708 25.14565 
 2007-09-01 -96.8694 18.7708 24.92715 
 2007-10-01 -96.8694 18.7708 23.52432 
 2007-11-01 -96.8694 18.7708 21.48989 
 2007-12-01 -96.8694 18.7708 20.85659 
 2008-01-01 -96.8694 18.7708 19.56216 
 2008-02-01 -96.8694 18.7708  21.6481 
 2008-03-01 -96.8694 18.7708 21.94082 
 2008-04-01 -96.8694 18.7708 24.83096 
 2008-05-01 -96.8694 18.7708 26.68032 
 2008-06-01 -96.8694 18.7708 24.90713 
 2008-07-01 -96.8694 18.7708 24.94522 
 2008-08-01 -96.8694 18.7708 26.22866 
 2008-09-01 -96.8694 18.7708  24.9252 
 2008-10-01 -96.8694 18.7708 23.32266 
 2008-11-01 -96.8694 18.7708 20.83877 
 2008-12-01 -96.8694 18.7708 19.71328 
 2009-01-01 -96.8694 18.7708 19.63809 
 2009-02-01 -96.8694 18.7708 20.48403 
 2009-03-01 -96.8694 18.7708 22.36392 
 2009-04-01 -96.8694 18.7708 24.97915 
 2009-05-01 -96.8694 18.7708  25.6376 
 2009-06-01 -96.8694 18.7708 25.78335 
 2009-07-01 -96.8694 18.7708 25.59439 
 2009-08-01 -96.8694 18.7708 25.39443 
 2009-09-01 -96.8694 18.7708 25.25308 
 2009-10-01 -96.8694 18.7708 25.02676 
 2009-11-01 -96.8694 18.7708 21.43472 
 2009-12-01 -96.8694 18.7708 20.11392 
 2010-01-01 -96.8694 18.7708 18.12734 
 2010-02-01 -96.8694 18.7708 18.23281 
 2010-03-01 -96.8694 18.7708 20.17935 
 2010-04-01 -96.8694 18.7708 24.00356 
 2010-05-01 -96.8694 18.7708 26.24502 
 2010-06-01 -96.8694 18.7708 26.75405 
 2010-07-01 -96.8694 18.7708 25.48574 
 2010-08-01 -96.8694 18.7708 25.51284 
 2010-09-01 -96.8694 18.7708 25.00942 
 2010-10-01 -96.8694 18.7708 22.68789 
 2010-11-01 -96.8694 18.7708 21.27773 
 2010-12-01 -96.8694 18.7708 18.36074 
 2011-01-01 -96.8694 18.7708 19.90566 
 2011-02-01 -96.8694 18.7708 20.03506 
 2011-03-01 -96.8694 18.7708 23.37075 
 2011-04-01 -96.8694 18.7708 26.78189 
 2011-05-01 -96.8694 18.7708   27.329 
 2011-06-01 -96.8694 18.7708 25.71914 
 2011-07-01 -96.8694 18.7708 25.06851 
 2011-08-01 -96.8694 18.7708 25.77065 
 2011-09-01 -96.8694 18.7708 25.26089 
 2011-10-01 -96.8694 18.7708 23.06924 
 2011-11-01 -96.8694 18.7708 21.38564 
 2011-12-01 -96.8694 18.7708 19.30386 
 2012-01-01 -96.8694 18.7708 19.96743 
 2012-02-01 -96.8694 18.7708 21.14224 
 2012-03-01 -96.8694 18.7708 23.20889 
 2012-04-01 -96.8694 18.7708 24.19839 
 2012-05-01 -96.8694 18.7708 25.97988 
 2012-06-01 -96.8694 18.7708 25.36147 
 2012-07-01 -96.8694 18.7708 24.74111 
 2012-08-01 -96.8694 18.7708 25.16323 
 2012-09-01 -96.8694 18.7708 24.99282 
 2012-10-01 -96.8694 18.7708 23.87564 
 2012-11-01 -96.8694 18.7708 21.16274 
 2012-12-01 -96.8694 18.7708  20.4999 
 2013-01-01 -96.8694 18.7708 19.76748 
 2013-02-01 -96.8694 18.7708 21.44497 
 2013-03-01 -96.8694 18.7708 21.09341 
 2013-04-01 -96.8694 18.7708 24.22915 
 2013-05-01 -96.8694 18.7708 25.23721 
 2013-06-01 -96.8694 18.7708 25.73916 
 2013-07-01 -96.8694 18.7708 25.44546 
 2013-08-01 -96.8694 18.7708 25.32192 
 2013-09-01 -96.8694 18.7708  24.8395 
 2013-10-01 -96.8694 18.7708 24.74624 
 2013-11-01 -96.8694 18.7708 21.74575 
 2013-12-01 -96.8694 18.7708 20.21304 
 2014-01-01 -96.8694 18.7708 17.95718 
 2014-02-01 -96.8694 18.7708 20.93838 
 2014-03-01 -96.8694 18.7708 22.50088 
 2014-04-01 -96.8694 18.7708  24.6542 
 2014-05-01 -96.8694 18.7708 24.29458 
 2014-06-01 -96.8694 18.7708 25.68911 
 2014-07-01 -96.8694 18.7708 25.39102 
 2014-08-01 -96.8694 18.7708 26.01602 
 2014-09-01 -96.8694 18.7708 25.18911 
 2014-10-01 -96.8694 18.7708 24.05361 
 2014-11-01 -96.8694 18.7708 20.70425 
 2014-12-01 -96.8694 18.7708  19.9125 
 2015-01-01 -96.8694 18.7708 18.39785 
 2015-02-01 -96.8694 18.7708 19.06753 
 2015-03-01 -96.8694 18.7708 21.18203 
 2015-04-01 -96.8694 18.7708 25.49673 
 2015-05-01 -96.8694 18.7708 25.50723 
 2015-06-01 -96.8694 18.7708 25.17593 
 2015-07-01 -96.8694 18.7708 25.52285 
 2015-08-01 -96.8694 18.7708 25.66592 
 2015-09-01 -96.8694 18.7708 25.46206 
 2015-10-01 -96.8694 18.7708  24.7084 
 2015-11-01 -96.8694 18.7708  23.5856 
 2015-12-01 -96.8694 18.7708 21.43447 
 2016-01-01 -96.8694 18.7708 18.48135 
 2016-02-01 -96.8694 18.7708 19.30044 
 2016-03-01 -96.8694 18.7708 23.01455 
 2016-04-01 -96.8694 18.7708  24.6354 
 2016-05-01 -96.8694 18.7708 26.55386 
 2016-06-01 -96.8694 18.7708 25.72817 
 2016-07-01 -96.8694 18.7708 25.76211 
 2016-08-01 -96.8694 18.7708 25.86636 
 2016-09-01 -96.8694 18.7708 25.41982 
 2016-10-01 -96.8694 18.7708  24.3146 
 2016-11-01 -96.8694 18.7708 22.25356 
 2016-12-01 -96.8694 18.7708 21.77651 
 2017-01-01 -96.8694 18.7708 20.30801 
 2017-02-01 -96.8694 18.7708 22.09512 
 2017-03-01 -96.8694 18.7708 22.97915 
 2017-04-01 -96.8694 18.7708  24.6957 
 2017-05-01 -96.8694 18.7708 26.74282 
 2017-06-01 -96.8694 18.7708 26.19082 
 2017-07-01 -96.8694 18.7708 25.36953 
 2017-08-01 -96.8694 18.7708 26.44253 
 2017-09-01 -96.8694 18.7708 25.28921 
 2017-10-01 -96.8694 18.7708 23.97817 
 2017-11-01 -96.8694 18.7708 21.82583 
 2017-12-01 -96.8694 18.7708 19.64004 
 2018-01-01 -96.8694 18.7708 18.51113 
 2018-02-01 -96.8694 18.7708 21.96768 
 2018-03-01 -96.8694 18.7708 23.45425 
 2018-04-01 -96.8694 18.7708 24.20693 
 2018-05-01 -96.8694 18.7708 25.78555 
 2018-06-01 -96.8694 18.7708 25.82998 
 2018-07-01 -96.8694 18.7708 25.88296 
 2018-08-01 -96.8694 18.7708  25.2731 
 2018-09-01 -96.8694 18.7708 26.10024 
 2018-10-01 -96.8694 18.7708 24.64761 
 2018-11-01 -96.8694 18.7708  21.9418 
 2018-12-01 -96.8694 18.7708 20.16055 
 2019-01-01 -96.8694 18.7708 19.54482 
 2019-02-01 -96.8694 18.7708 22.39517 
 2019-03-01 -96.8694 18.7708 22.70962 
 2019-04-01 -96.8694 18.7708 24.81436 
 2019-05-01 -96.8694 18.7708 28.03799 
 2019-06-01 -96.8694 18.7708 26.52017 
 2019-07-01 -96.8694 18.7708 25.77212 
 2019-08-01 -96.8694 18.7708   26.548 
 2019-09-01 -96.8694 18.7708 25.87173 
 2019-10-01 -96.8694 18.7708  25.0353 
 2019-11-01 -96.8694 18.7708 22.40542 
 2019-12-01 -96.8694 18.7708 20.40811 
 2020-01-01 -96.8694 18.7708 20.53945 
 2020-02-01 -96.8694 18.7708 21.37148 
 2020-03-01 -96.8694 18.7708 24.13564 
 2020-04-01 -96.8694 18.7708 27.28457 
 2020-05-01 -96.8694 18.7708 26.42617 
 2020-06-01 -96.8694 18.7708 26.07754 
 2020-07-01 -96.8694 18.7708  26.5856 
 2020-08-01 -96.8694 18.7708 26.20474 
 2020-09-01 -96.8694 18.7708 25.87197 
 2020-10-01 -96.8694 18.7708 24.99551 
 2020-11-01 -96.8694 18.7708 22.68252 
 2020-12-01 -96.8694 18.7708 19.49282 
 2021-01-01 -96.8694 18.7708 20.20083 
 2021-02-01 -96.8694 18.7708 20.33242 
 2021-03-01 -96.8694 18.7708 23.12222 
 2021-04-01 -96.8694 18.7708 25.49429 
 2021-05-01 -96.8694 18.7708  26.6979 
 2021-06-01 -96.8694 18.7708 25.83853 
 2021-07-01 -96.8694 18.7708 25.86416 
 2021-08-01 -96.8694 18.7708 25.70059 
 2021-09-01 -96.8694 18.7708 25.59878 
 2021-10-01 -96.8694 18.7708 24.96768 
 2021-11-01 -96.8694 18.7708 21.45034 
 2021-12-01 -96.8694 18.7708 21.40151 
 2022-01-01 -96.8694 18.7708 19.65347 
 2022-02-01 -96.8694 18.7708 19.53604 
 2022-03-01 -96.8694 18.7708 21.93838 
 2022-04-01 -96.8694 18.7708 25.72769 
 2022-05-01 -96.8694 18.7708 27.34658 
 2022-06-01 -96.8694 18.7708 25.46987 
 2022-07-01 -96.8694 18.7708 25.84097 
 2022-08-01 -96.8694 18.7708 26.04629 
 2022-09-01 -96.8694 18.7708 24.60024 
 2022-10-01 -96.8694 18.7708 23.98208 
 2022-11-01 -96.8694 18.7708 22.76821 
 2022-12-01 -96.8694 18.7708 20.28652 
 2023-01-01 -96.8694 18.7708 20.86856 
 2023-02-01 -96.8694 18.7708 21.31387 
 2023-03-01 -96.8694 18.7708 24.15908 
 2023-04-01 -96.8694 18.7708 24.89614 
 2023-05-01 -96.8694 18.7708  25.6144 
 2023-06-01 -96.8694 18.7708 27.56167 
 2023-07-01 -96.8694 18.7708 26.25479 
 2023-08-01 -96.8694 18.7708 26.26528 
 2023-09-01 -96.8694 18.7708   27.079 
 2023-10-01 -96.8694 18.7708 25.37734 
 2023-11-01 -96.8694 18.7708 22.35732 
 2023-12-01 -96.8694 18.7708  20.3002 
 2024-01-01 -96.8694 18.7708 20.29409 
 2024-02-01 -96.8694 18.7708 20.74063 
 2024-03-01 -96.8694 18.7708 23.78799 
 2024-04-01 -96.8694 18.7708 25.80752 
 2024-05-01 -96.8694 18.7708 29.81143 
 2024-06-01 -96.8694 18.7708 27.78237 
 2024-07-01 -96.8694 18.7708 26.15078 
 2024-08-01 -96.8694 18.7708 26.07559 
 2024-09-01 -96.8694 18.7708 26.37686 
 2024-10-01 -96.8694 18.7708 24.06558 
 2024-11-01 -96.8694 18.7708 23.28701 
 2024-12-01 -96.8694 18.7708 20.84268 
 2025-01-01 -96.8694 18.7708 19.93667 
 2025-02-01 -96.8694 18.7708 22.18936 
 2025-03-01 -96.8694 18.7708 24.03897 
 2025-04-01 -96.8694 18.7708 24.86831 
 2025-05-01 -96.8694 18.7708  27.3002 
 2025-06-01 -96.8694 18.7708 25.75356 
 2025-07-01 -96.8694 18.7708  25.8002 
 2025-08-01 -96.8694 18.7708 25.99233 
 2025-09-01 -96.8694 18.7708 25.82974 
 2025-10-01 -96.8694 18.7708 24.53408 
 2025-11-01 -96.8694 18.7708 22.53701 
 2025-12-01 -96.8694 18.7708 21.52481 
