#      date    lon    lat    value 
cdo(1) remapnn: Nearest neighbor weights from lonlat (9x9) to lonlat (1x1) grid
 1950-01-01 -97.5669 19.0233 9.445704 
 1950-02-01 -97.5669 19.0233 10.31314 
 1950-03-01 -97.5669 19.0233 12.18545 
 1950-04-01 -97.5669 19.0233 13.02383 
 1950-05-01 -97.5669 19.0233 14.53286 
 1950-06-01 -97.5669 19.0233 13.67568 
 1950-07-01 -97.5669 19.0233 13.10488 
 1950-08-01 -97.5669 19.0233 13.64028 
 1950-09-01 -97.5669 19.0233 14.03164 
 1950-10-01 -97.5669 19.0233  12.3793 
 1950-11-01 -97.5669 19.0233  10.2792 
 1950-12-01 -97.5669 19.0233 9.903467 
 1951-01-01 -97.5669 19.0233  10.6769 
 1951-02-01 -97.5669 19.0233 10.50601 
 1951-03-01 -97.5669 19.0233 12.70596 
 1951-04-01 -97.5669 19.0233 14.74551 
 1951-05-01 -97.5669 19.0233  14.3793 
 1951-06-01 -97.5669 19.0233 14.55679 
 1951-07-01 -97.5669 19.0233 13.72036 
 1951-08-01 -97.5669 19.0233 14.31558 
 1951-09-01 -97.5669 19.0233 13.90176 
 1951-10-01 -97.5669 19.0233 13.60073 
 1951-11-01 -97.5669 19.0233 12.50064 
 1951-12-01 -97.5669 19.0233 11.42227 
 1952-01-01 -97.5669 19.0233 11.24087 
 1952-02-01 -97.5669 19.0233 12.08218 
 1952-03-01 -97.5669 19.0233 14.77847 
 1952-04-01 -97.5669 19.0233 14.46914 
 1952-05-01 -97.5669 19.0233 14.23037 
 1952-06-01 -97.5669 19.0233 13.76968 
 1952-07-01 -97.5669 19.0233 13.23672 
 1952-08-01 -97.5669 19.0233 13.97769 
 1952-09-01 -97.5669 19.0233 13.34243 
 1952-10-01 -97.5669 19.0233 10.63516 
 1952-11-01 -97.5669 19.0233 11.39492 
 1952-12-01 -97.5669 19.0233 9.823389 
 1953-01-01 -97.5669 19.0233 9.801172 
 1953-02-01 -97.5669 19.0233 11.97476 
 1953-03-01 -97.5669 19.0233 13.09316 
 1953-04-01 -97.5669 19.0233 15.10635 
 1953-05-01 -97.5669 19.0233 15.64199 
 1953-06-01 -97.5669 19.0233 14.20034 
 1953-07-01 -97.5669 19.0233 13.20522 
 1953-08-01 -97.5669 19.0233 14.12002 
 1953-09-01 -97.5669 19.0233 12.94644 
 1953-10-01 -97.5669 19.0233  12.6979 
 1953-11-01 -97.5669 19.0233 10.66543 
 1953-12-01 -97.5669 19.0233 10.24233 
 1954-01-01 -97.5669 19.0233 10.13833 
 1954-02-01 -97.5669 19.0233 10.73892 
 1954-03-01 -97.5669 19.0233 13.24966 
 1954-04-01 -97.5669 19.0233 12.84902 
 1954-05-01 -97.5669 19.0233 14.00894 
 1954-06-01 -97.5669 19.0233 14.15835 
 1954-07-01 -97.5669 19.0233 12.75723 
 1954-08-01 -97.5669 19.0233 13.32266 
 1954-09-01 -97.5669 19.0233 13.03897 
 1954-10-01 -97.5669 19.0233 11.76211 
 1954-11-01 -97.5669 19.0233 10.63345 
 1954-12-01 -97.5669 19.0233 9.213526 
 1955-01-01 -97.5669 19.0233 9.837305 
 1955-02-01 -97.5669 19.0233 10.18838 
 1955-03-01 -97.5669 19.0233 12.72964 
 1955-04-01 -97.5669 19.0233 15.25674 
 1955-05-01 -97.5669 19.0233 14.43643 
 1955-06-01 -97.5669 19.0233 13.87759 
 1955-07-01 -97.5669 19.0233 12.71206 
 1955-08-01 -97.5669 19.0233  13.1249 
 1955-09-01 -97.5669 19.0233 12.98501 
 1955-10-01 -97.5669 19.0233 11.36538 
 1955-11-01 -97.5669 19.0233 10.92471 
 1955-12-01 -97.5669 19.0233 9.001856 
 1956-01-01 -97.5669 19.0233 7.718408 
 1956-02-01 -97.5669 19.0233 11.44912 
 1956-03-01 -97.5669 19.0233 12.94131 
 1956-04-01 -97.5669 19.0233 14.44277 
 1956-05-01 -97.5669 19.0233 13.17471 
 1956-06-01 -97.5669 19.0233 12.57583 
 1956-07-01 -97.5669 19.0233 12.73306 
 1956-08-01 -97.5669 19.0233 13.34121 
 1956-09-01 -97.5669 19.0233  12.4501 
 1956-10-01 -97.5669 19.0233 12.29019 
 1956-11-01 -97.5669 19.0233 10.83218 
 1956-12-01 -97.5669 19.0233 9.808985 
 1957-01-01 -97.5669 19.0233 10.03921 
 1957-02-01 -97.5669 19.0233 10.91689 
 1957-03-01 -97.5669 19.0233 12.91934 
 1957-04-01 -97.5669 19.0233 13.98892 
 1957-05-01 -97.5669 19.0233 15.28872 
 1957-06-01 -97.5669 19.0233 14.51235 
 1957-07-01 -97.5669 19.0233 13.92568 
 1957-08-01 -97.5669 19.0233 14.04165 
 1957-09-01 -97.5669 19.0233 13.66177 
 1957-10-01 -97.5669 19.0233 12.79775 
 1957-11-01 -97.5669 19.0233 13.16421 
 1957-12-01 -97.5669 19.0233 10.36953 
 1958-01-01 -97.5669 19.0233 9.118067 
 1958-02-01 -97.5669 19.0233 10.49282 
 1958-03-01 -97.5669 19.0233 14.69717 
 1958-04-01 -97.5669 19.0233 16.06606 
 1958-05-01 -97.5669 19.0233 13.82656 
 1958-06-01 -97.5669 19.0233 14.52236 
 1958-07-01 -97.5669 19.0233 13.35122 
 1958-08-01 -97.5669 19.0233 14.28189 
 1958-09-01 -97.5669 19.0233 13.56338 
 1958-10-01 -97.5669 19.0233 13.16787 
 1958-11-01 -97.5669 19.0233 11.49404 
 1958-12-01 -97.5669 19.0233  10.1752 
 1959-01-01 -97.5669 19.0233   10.027 
 1959-02-01 -97.5669 19.0233 12.07388 
 1959-03-01 -97.5669 19.0233 13.71963 
 1959-04-01 -97.5669 19.0233 13.75479 
 1959-05-01 -97.5669 19.0233 14.11147 
 1959-06-01 -97.5669 19.0233 13.62197 
 1959-07-01 -97.5669 19.0233 12.52236 
 1959-08-01 -97.5669 19.0233 12.93008 
 1959-09-01 -97.5669 19.0233 12.96157 
 1959-10-01 -97.5669 19.0233  12.8832 
 1959-11-01 -97.5669 19.0233 10.89565 
 1959-12-01 -97.5669 19.0233 10.61685 
 1960-01-01 -97.5669 19.0233 10.73867 
 1960-02-01 -97.5669 19.0233 11.02993 
 1960-03-01 -97.5669 19.0233 13.19277 
 1960-04-01 -97.5669 19.0233 13.71743 
 1960-05-01 -97.5669 19.0233 14.50112 
 1960-06-01 -97.5669 19.0233 14.47817 
 1960-07-01 -97.5669 19.0233 13.50283 
 1960-08-01 -97.5669 19.0233 13.54605 
 1960-09-01 -97.5669 19.0233 12.44814 
 1960-10-01 -97.5669 19.0233 13.13662 
 1960-11-01 -97.5669 19.0233 11.34097 
 1960-12-01 -97.5669 19.0233  9.83462 
 1961-01-01 -97.5669 19.0233 10.49063 
 1961-02-01 -97.5669 19.0233 11.15786 
 1961-03-01 -97.5669 19.0233 13.19082 
 1961-04-01 -97.5669 19.0233  15.0585 
 1961-05-01 -97.5669 19.0233 15.10977 
 1961-06-01 -97.5669 19.0233 13.93521 
 1961-07-01 -97.5669 19.0233 13.13687 
 1961-08-01 -97.5669 19.0233  13.5707 
 1961-09-01 -97.5669 19.0233 13.00064 
 1961-10-01 -97.5669 19.0233 12.71963 
 1961-11-01 -97.5669 19.0233 11.32119 
 1961-12-01 -97.5669 19.0233 10.53872 
 1962-01-01 -97.5669 19.0233  9.74087 
 1962-02-01 -97.5669 19.0233 12.79824 
 1962-03-01 -97.5669 19.0233 13.82876 
 1962-04-01 -97.5669 19.0233 13.04312 
 1962-05-01 -97.5669 19.0233 14.28677 
 1962-06-01 -97.5669 19.0233 14.67886 
 1962-07-01 -97.5669 19.0233     13.6 
 1962-08-01 -97.5669 19.0233 14.11245 
 1962-09-01 -97.5669 19.0233 13.91543 
 1962-10-01 -97.5669 19.0233 13.43447 
 1962-11-01 -97.5669 19.0233 11.31436 
 1962-12-01 -97.5669 19.0233 10.93691 
 1963-01-01 -97.5669 19.0233 11.23696 
 1963-02-01 -97.5669 19.0233 10.53359 
 1963-03-01 -97.5669 19.0233 13.54263 
 1963-04-01 -97.5669 19.0233  15.0436 
 1963-05-01 -97.5669 19.0233 13.91982 
 1963-06-01 -97.5669 19.0233 14.21084 
 1963-07-01 -97.5669 19.0233 13.13491 
 1963-08-01 -97.5669 19.0233  13.7731 
 1963-09-01 -97.5669 19.0233  13.5939 
 1963-10-01 -97.5669 19.0233 12.17227 
 1963-11-01 -97.5669 19.0233 11.33364 
 1963-12-01 -97.5669 19.0233 10.15859 
 1964-01-01 -97.5669 19.0233 10.18228 
 1964-02-01 -97.5669 19.0233 12.90615 
 1964-03-01 -97.5669 19.0233 13.97939 
 1964-04-01 -97.5669 19.0233 15.09268 
 1964-05-01 -97.5669 19.0233 14.67788 
 1964-06-01 -97.5669 19.0233  13.5231 
 1964-07-01 -97.5669 19.0233 13.37808 
 1964-08-01 -97.5669 19.0233 13.87075 
 1964-09-01 -97.5669 19.0233 13.71279 
 1964-10-01 -97.5669 19.0233 11.88296 
 1964-11-01 -97.5669 19.0233 11.27358 
 1964-12-01 -97.5669 19.0233 9.650293 
 1965-01-01 -97.5669 19.0233  9.19668 
 1965-02-01 -97.5669 19.0233 10.56436 
 1965-03-01 -97.5669 19.0233  13.7106 
 1965-04-01 -97.5669 19.0233 13.98062 
 1965-05-01 -97.5669 19.0233 14.63516 
 1965-06-01 -97.5669 19.0233 14.11831 
 1965-07-01 -97.5669 19.0233 12.70645 
 1965-08-01 -97.5669 19.0233 12.99648 
 1965-09-01 -97.5669 19.0233 14.00308 
 1965-10-01 -97.5669 19.0233 12.36196 
 1965-11-01 -97.5669 19.0233 12.18862 
 1965-12-01 -97.5669 19.0233 11.42788 
 1966-01-01 -97.5669 19.0233 10.06167 
 1966-02-01 -97.5669 19.0233 10.76211 
 1966-03-01 -97.5669 19.0233 11.76064 
 1966-04-01 -97.5669 19.0233 14.22744 
 1966-05-01 -97.5669 19.0233 14.97061 
 1966-06-01 -97.5669 19.0233 14.68154 
 1966-07-01 -97.5669 19.0233 14.30313 
 1966-08-01 -97.5669 19.0233 14.33731 
 1966-09-01 -97.5669 19.0233 13.86147 
 1966-10-01 -97.5669 19.0233  12.7499 
 1966-11-01 -97.5669 19.0233 10.34585 
 1966-12-01 -97.5669 19.0233 9.988184 
 1967-01-01 -97.5669 19.0233 9.894678 
 1967-02-01 -97.5669 19.0233 11.46328 
 1967-03-01 -97.5669 19.0233  12.3273 
 1967-04-01 -97.5669 19.0233 13.99258 
 1967-05-01 -97.5669 19.0233 14.79971 
 1967-06-01 -97.5669 19.0233 14.44497 
 1967-07-01 -97.5669 19.0233 13.50234 
 1967-08-01 -97.5669 19.0233 13.74233 
 1967-09-01 -97.5669 19.0233 13.25967 
 1967-10-01 -97.5669 19.0233 12.33828 
 1967-11-01 -97.5669 19.0233  11.5043 
 1967-12-01 -97.5669 19.0233 11.14395 
 1968-01-01 -97.5669 19.0233 9.971582 
 1968-02-01 -97.5669 19.0233 9.680323 
 1968-03-01 -97.5669 19.0233 11.98452 
 1968-04-01 -97.5669 19.0233 14.01162 
 1968-05-01 -97.5669 19.0233 14.18838 
 1968-06-01 -97.5669 19.0233 13.98306 
 1968-07-01 -97.5669 19.0233 13.34683 
 1968-08-01 -97.5669 19.0233 13.99356 
 1968-09-01 -97.5669 19.0233 14.23525 
 1968-10-01 -97.5669 19.0233 13.39272 
 1968-11-01 -97.5669 19.0233  12.4606 
 1968-12-01 -97.5669 19.0233 11.22915 
 1969-01-01 -97.5669 19.0233  11.1127 
 1969-02-01 -97.5669 19.0233 13.00845 
 1969-03-01 -97.5669 19.0233 13.61123 
 1969-04-01 -97.5669 19.0233 15.42105 
 1969-05-01 -97.5669 19.0233 16.14004 
 1969-06-01 -97.5669 19.0233  16.7897 
 1969-07-01 -97.5669 19.0233 14.85147 
 1969-08-01 -97.5669 19.0233 14.37026 
 1969-09-01 -97.5669 19.0233 13.97183 
 1969-10-01 -97.5669 19.0233 13.93887 
 1969-11-01 -97.5669 19.0233 11.98086 
 1969-12-01 -97.5669 19.0233 11.29751 
 1970-01-01 -97.5669 19.0233 10.54409 
 1970-02-01 -97.5669 19.0233 11.02871 
 1970-03-01 -97.5669 19.0233 13.99111 
 1970-04-01 -97.5669 19.0233 16.39883 
 1970-05-01 -97.5669 19.0233 14.60732 
 1970-06-01 -97.5669 19.0233  14.5563 
 1970-07-01 -97.5669 19.0233 13.86025 
 1970-08-01 -97.5669 19.0233 14.52847 
 1970-09-01 -97.5669 19.0233 14.10977 
 1970-10-01 -97.5669 19.0233 14.52188 
 1970-11-01 -97.5669 19.0233 11.23062 
 1970-12-01 -97.5669 19.0233 10.95034 
 1971-01-01 -97.5669 19.0233 11.55166 
 1971-02-01 -97.5669 19.0233 11.32412 
 1971-03-01 -97.5669 19.0233 13.21084 
 1971-04-01 -97.5669 19.0233 13.62661 
 1971-05-01 -97.5669 19.0233 15.42446 
 1971-06-01 -97.5669 19.0233 13.92153 
 1971-07-01 -97.5669 19.0233 13.31924 
 1971-08-01 -97.5669 19.0233 13.57876 
 1971-09-01 -97.5669 19.0233 14.10928 
 1971-10-01 -97.5669 19.0233 13.82022 
 1971-11-01 -97.5669 19.0233 12.43423 
 1971-12-01 -97.5669 19.0233 10.76064 
 1972-01-01 -97.5669 19.0233 10.90957 
 1972-02-01 -97.5669 19.0233 10.75601 
 1972-03-01 -97.5669 19.0233 13.02285 
 1972-04-01 -97.5669 19.0233 14.99478 
 1972-05-01 -97.5669 19.0233 15.24258 
 1972-06-01 -97.5669 19.0233 14.52505 
 1972-07-01 -97.5669 19.0233 13.41885 
 1972-08-01 -97.5669 19.0233 13.37295 
 1972-09-01 -97.5669 19.0233 13.72671 
 1972-10-01 -97.5669 19.0233 13.80093 
 1972-11-01 -97.5669 19.0233 13.78433 
 1972-12-01 -97.5669 19.0233 11.08706 
 1973-01-01 -97.5669 19.0233 11.54922 
 1973-02-01 -97.5669 19.0233 12.61831 
 1973-03-01 -97.5669 19.0233 15.81875 
 1973-04-01 -97.5669 19.0233 15.07705 
 1973-05-01 -97.5669 19.0233 15.37881 
 1973-06-01 -97.5669 19.0233 14.12734 
 1973-07-01 -97.5669 19.0233 13.46499 
 1973-08-01 -97.5669 19.0233 13.55215 
 1973-09-01 -97.5669 19.0233 13.71792 
 1973-10-01 -97.5669 19.0233 12.80947 
 1973-11-01 -97.5669 19.0233 11.68325 
 1973-12-01 -97.5669 19.0233 9.541895 
 1974-01-01 -97.5669 19.0233 10.60952 
 1974-02-01 -97.5669 19.0233 11.47573 
 1974-03-01 -97.5669 19.0233 12.51919 
 1974-04-01 -97.5669 19.0233 13.43057 
 1974-05-01 -97.5669 19.0233 14.70059 
 1974-06-01 -97.5669 19.0233 13.95596 
 1974-07-01 -97.5669 19.0233 12.91299 
 1974-08-01 -97.5669 19.0233 13.80703 
 1974-09-01 -97.5669 19.0233 13.59829 
 1974-10-01 -97.5669 19.0233 12.50674 
 1974-11-01 -97.5669 19.0233 11.48477 
 1974-12-01 -97.5669 19.0233 11.76724 
 1975-01-01 -97.5669 19.0233 10.01211 
 1975-02-01 -97.5669 19.0233 12.32974 
 1975-03-01 -97.5669 19.0233 14.77114 
 1975-04-01 -97.5669 19.0233 15.79751 
 1975-05-01 -97.5669 19.0233 14.36831 
 1975-06-01 -97.5669 19.0233 13.87661 
 1975-07-01 -97.5669 19.0233  13.0148 
 1975-08-01 -97.5669 19.0233 13.89932 
 1975-09-01 -97.5669 19.0233 13.40933 
 1975-10-01 -97.5669 19.0233 13.27407 
 1975-11-01 -97.5669 19.0233 12.31118 
 1975-12-01 -97.5669 19.0233 10.07363 
 1976-01-01 -97.5669 19.0233 9.578272 
 1976-02-01 -97.5669 19.0233 10.31777 
 1976-03-01 -97.5669 19.0233 14.14419 
 1976-04-01 -97.5669 19.0233 14.17764 
 1976-05-01 -97.5669 19.0233 14.11733 
 1976-06-01 -97.5669 19.0233 14.44009 
 1976-07-01 -97.5669 19.0233 13.69204 
 1976-08-01 -97.5669 19.0233 13.46792 
 1976-09-01 -97.5669 19.0233 14.39297 
 1976-10-01 -97.5669 19.0233 13.71304 
 1976-11-01 -97.5669 19.0233 11.54067 
 1976-12-01 -97.5669 19.0233 11.23013 
 1977-01-01 -97.5669 19.0233 11.32583 
 1977-02-01 -97.5669 19.0233 11.38809 
 1977-03-01 -97.5669 19.0233 14.70547 
 1977-04-01 -97.5669 19.0233 13.16958 
 1977-05-01 -97.5669 19.0233 14.96963 
 1977-06-01 -97.5669 19.0233 14.18667 
 1977-07-01 -97.5669 19.0233 14.09439 
 1977-08-01 -97.5669 19.0233 14.93594 
 1977-09-01 -97.5669 19.0233 14.47183 
 1977-10-01 -97.5669 19.0233 14.31899 
 1977-11-01 -97.5669 19.0233 13.00234 
 1977-12-01 -97.5669 19.0233 12.18301 
 1978-01-01 -97.5669 19.0233 11.42178 
 1978-02-01 -97.5669 19.0233 11.24868 
 1978-03-01 -97.5669 19.0233 13.08853 
 1978-04-01 -97.5669 19.0233 15.72231 
 1978-05-01 -97.5669 19.0233  16.1813 
 1978-06-01 -97.5669 19.0233 14.63027 
 1978-07-01 -97.5669 19.0233 14.65859 
 1978-08-01 -97.5669 19.0233 14.87832 
 1978-09-01 -97.5669 19.0233 14.41348 
 1978-10-01 -97.5669 19.0233 13.32583 
 1978-11-01 -97.5669 19.0233 13.41226 
 1978-12-01 -97.5669 19.0233 12.26333 
 1979-01-01 -97.5669 19.0233 11.17666 
 1979-02-01 -97.5669 19.0233 12.44253 
 1979-03-01 -97.5669 19.0233 14.47256 
 1979-04-01 -97.5669 19.0233 15.39468 
 1979-05-01 -97.5669 19.0233 15.62295 
 1979-06-01 -97.5669 19.0233 15.04214 
 1979-07-01 -97.5669 19.0233 14.92959 
 1979-08-01 -97.5669 19.0233 13.99453 
 1979-09-01 -97.5669 19.0233 13.87637 
 1979-10-01 -97.5669 19.0233 14.29653 
 1979-11-01 -97.5669 19.0233 11.85855 
 1979-12-01 -97.5669 19.0233  11.6752 
 1980-01-01 -97.5669 19.0233 11.24575 
 1980-02-01 -97.5669 19.0233 11.84561 
 1980-03-01 -97.5669 19.0233 14.63345 
 1980-04-01 -97.5669 19.0233 14.86392 
 1980-05-01 -97.5669 19.0233 16.16763 
 1980-06-01 -97.5669 19.0233 15.30337 
 1980-07-01 -97.5669 19.0233 15.36025 
 1980-08-01 -97.5669 19.0233 15.01577 
 1980-09-01 -97.5669 19.0233 14.71206 
 1980-10-01 -97.5669 19.0233 14.19229 
 1980-11-01 -97.5669 19.0233 12.52041 
 1980-12-01 -97.5669 19.0233 10.96816 
 1981-01-01 -97.5669 19.0233 9.998438 
 1981-02-01 -97.5669 19.0233 11.62466 
 1981-03-01 -97.5669 19.0233 14.08682 
 1981-04-01 -97.5669 19.0233 14.62148 
 1981-05-01 -97.5669 19.0233 16.13296 
 1981-06-01 -97.5669 19.0233 15.37075 
 1981-07-01 -97.5669 19.0233 14.49941 
 1981-08-01 -97.5669 19.0233 14.94814 
 1981-09-01 -97.5669 19.0233 14.58755 
 1981-10-01 -97.5669 19.0233 14.39663 
 1981-11-01 -97.5669 19.0233 12.39492 
 1981-12-01 -97.5669 19.0233 12.07095 
 1982-01-01 -97.5669 19.0233 12.66885 
 1982-02-01 -97.5669 19.0233 12.36465 
 1982-03-01 -97.5669 19.0233 14.30264 
 1982-04-01 -97.5669 19.0233 16.14272 
 1982-05-01 -97.5669 19.0233 15.95791 
 1982-06-01 -97.5669 19.0233 16.18374 
 1982-07-01 -97.5669 19.0233 14.09609 
 1982-08-01 -97.5669 19.0233 14.41812 
 1982-09-01 -97.5669 19.0233 14.69546 
 1982-10-01 -97.5669 19.0233 13.41494 
 1982-11-01 -97.5669 19.0233 12.28359 
 1982-12-01 -97.5669 19.0233 10.95254 
 1983-01-01 -97.5669 19.0233 10.12954 
 1983-02-01 -97.5669 19.0233  10.6459 
 1983-03-01 -97.5669 19.0233 12.85684 
 1983-04-01 -97.5669 19.0233 15.62319 
 1983-05-01 -97.5669 19.0233 17.43057 
 1983-06-01 -97.5669 19.0233 16.76846 
 1983-07-01 -97.5669 19.0233 14.74063 
 1983-08-01 -97.5669 19.0233 15.20181 
 1983-09-01 -97.5669 19.0233 14.76992 
 1983-10-01 -97.5669 19.0233 13.84316 
 1983-11-01 -97.5669 19.0233 13.03872 
 1983-12-01 -97.5669 19.0233 11.37441 
 1984-01-01 -97.5669 19.0233 10.45107 
 1984-02-01 -97.5669 19.0233 11.66152 
 1984-03-01 -97.5669 19.0233 14.09292 
 1984-04-01 -97.5669 19.0233 16.63296 
 1984-05-01 -97.5669 19.0233 14.43325 
 1984-06-01 -97.5669 19.0233 14.45278 
 1984-07-01 -97.5669 19.0233 13.97476 
 1984-08-01 -97.5669 19.0233 13.84194 
 1984-09-01 -97.5669 19.0233 13.65542 
 1984-10-01 -97.5669 19.0233 14.24209 
 1984-11-01 -97.5669 19.0233 12.00625 
 1984-12-01 -97.5669 19.0233 10.99478 
 1985-01-01 -97.5669 19.0233 10.98599 
 1985-02-01 -97.5669 19.0233 11.43032 
 1985-03-01 -97.5669 19.0233 13.38174 
 1985-04-01 -97.5669 19.0233 13.87441 
 1985-05-01 -97.5669 19.0233 15.20864 
 1985-06-01 -97.5669 19.0233 14.84072 
 1985-07-01 -97.5669 19.0233 13.79214 
 1985-08-01 -97.5669 19.0233  14.3959 
 1985-09-01 -97.5669 19.0233  13.8229 
 1985-10-01 -97.5669 19.0233 13.27432 
 1985-11-01 -97.5669 19.0233 12.19082 
 1985-12-01 -97.5669 19.0233  11.0563 
 1986-01-01 -97.5669 19.0233 9.832666 
 1986-02-01 -97.5669 19.0233 11.72134 
 1986-03-01 -97.5669 19.0233 11.95474 
 1986-04-01 -97.5669 19.0233 14.66592 
 1986-05-01 -97.5669 19.0233 15.06704 
 1986-06-01 -97.5669 19.0233 14.74429 
 1986-07-01 -97.5669 19.0233 13.59878 
 1986-08-01 -97.5669 19.0233 14.73355 
 1986-09-01 -97.5669 19.0233 14.50796 
 1986-10-01 -97.5669 19.0233 13.86343 
 1986-11-01 -97.5669 19.0233 13.52261 
 1986-12-01 -97.5669 19.0233 11.34536 
 1987-01-01 -97.5669 19.0233 11.11001 
 1987-02-01 -97.5669 19.0233 12.71768 
 1987-03-01 -97.5669 19.0233  13.7687 
 1987-04-01 -97.5669 19.0233 14.32485 
 1987-05-01 -97.5669 19.0233 15.02676 
 1987-06-01 -97.5669 19.0233 15.32388 
 1987-07-01 -97.5669 19.0233 14.64443 
 1987-08-01 -97.5669 19.0233 15.08145 
 1987-09-01 -97.5669 19.0233 15.79312 
 1987-10-01 -97.5669 19.0233 12.97329 
 1987-11-01 -97.5669 19.0233 12.79092 
 1987-12-01 -97.5669 19.0233 12.99648 
 1988-01-01 -97.5669 19.0233 10.35415 
 1988-02-01 -97.5669 19.0233  12.2582 
 1988-03-01 -97.5669 19.0233 13.53604 
 1988-04-01 -97.5669 19.0233 15.89443 
 1988-05-01 -97.5669 19.0233 16.13516 
 1988-06-01 -97.5669 19.0233 15.20718 
 1988-07-01 -97.5669 19.0233 14.87026 
 1988-08-01 -97.5669 19.0233 15.04141 
 1988-09-01 -97.5669 19.0233  14.4457 
 1988-10-01 -97.5669 19.0233 13.66885 
 1988-11-01 -97.5669 19.0233 13.14077 
 1988-12-01 -97.5669 19.0233 11.24697 
 1989-01-01 -97.5669 19.0233 11.64614 
 1989-02-01 -97.5669 19.0233  11.4396 
 1989-03-01 -97.5669 19.0233 12.67373 
 1989-04-01 -97.5669 19.0233 13.84023 
 1989-05-01 -97.5669 19.0233  15.4208 
 1989-06-01 -97.5669 19.0233 14.97012 
 1989-07-01 -97.5669 19.0233  14.4877 
 1989-08-01 -97.5669 19.0233 14.58877 
 1989-09-01 -97.5669 19.0233 14.07046 
 1989-10-01 -97.5669 19.0233 13.33145 
 1989-11-01 -97.5669 19.0233 13.10073 
 1989-12-01 -97.5669 19.0233   10.954 
 1990-01-01 -97.5669 19.0233 11.52188 
 1990-02-01 -97.5669 19.0233 11.90615 
 1990-03-01 -97.5669 19.0233 13.46255 
 1990-04-01 -97.5669 19.0233 14.59243 
 1990-05-01 -97.5669 19.0233 15.92153 
 1990-06-01 -97.5669 19.0233  15.2062 
 1990-07-01 -97.5669 19.0233 14.57485 
 1990-08-01 -97.5669 19.0233 14.79116 
 1990-09-01 -97.5669 19.0233 14.90005 
 1990-10-01 -97.5669 19.0233 14.19522 
 1990-11-01 -97.5669 19.0233 13.05825 
 1990-12-01 -97.5669 19.0233  11.6127 
 1991-01-01 -97.5669 19.0233 11.87466 
 1991-02-01 -97.5669 19.0233 13.03237 
 1991-03-01 -97.5669 19.0233 16.10928 
 1991-04-01 -97.5669 19.0233 16.38369 
 1991-05-01 -97.5669 19.0233 15.63931 
 1991-06-01 -97.5669 19.0233  15.3417 
 1991-07-01 -97.5669 19.0233 14.01113 
 1991-08-01 -97.5669 19.0233 14.58682 
 1991-09-01 -97.5669 19.0233 13.95449 
 1991-10-01 -97.5669 19.0233 13.47109 
 1991-11-01 -97.5669 19.0233 11.51968 
 1991-12-01 -97.5669 19.0233 11.05996 
 1992-01-01 -97.5669 19.0233 10.72842 
 1992-02-01 -97.5669 19.0233 11.39956 
 1992-03-01 -97.5669 19.0233 15.00454 
 1992-04-01 -97.5669 19.0233 14.43765 
 1992-05-01 -97.5669 19.0233 14.17275 
 1992-06-01 -97.5669 19.0233 15.95693 
 1992-07-01 -97.5669 19.0233 14.36758 
 1992-08-01 -97.5669 19.0233 14.59268 
 1992-09-01 -97.5669 19.0233 14.33438 
 1992-10-01 -97.5669 19.0233 13.74356 
 1992-11-01 -97.5669 19.0233 12.94595 
 1992-12-01 -97.5669 19.0233 12.02773 
 1993-01-01 -97.5669 19.0233 12.02236 
 1993-02-01 -97.5669 19.0233 12.81167 
 1993-03-01 -97.5669 19.0233 13.66958 
 1993-04-01 -97.5669 19.0233 15.42153 
 1993-05-01 -97.5669 19.0233 15.53799 
 1993-06-01 -97.5669 19.0233 15.97305 
 1993-07-01 -97.5669 19.0233 14.72183 
 1993-08-01 -97.5669 19.0233 14.73623 
 1993-09-01 -97.5669 19.0233 14.18203 
 1993-10-01 -97.5669 19.0233 14.57681 
 1993-11-01 -97.5669 19.0233 13.02896 
 1993-12-01 -97.5669 19.0233 11.89614 
 1994-01-01 -97.5669 19.0233 11.52944 
 1994-02-01 -97.5669 19.0233 12.81167 
 1994-03-01 -97.5669 19.0233 14.83706 
 1994-04-01 -97.5669 19.0233 14.89834 
 1994-05-01 -97.5669 19.0233 16.00405 
 1994-06-01 -97.5669 19.0233 14.56582 
 1994-07-01 -97.5669 19.0233 14.25039 
 1994-08-01 -97.5669 19.0233 14.34951 
 1994-09-01 -97.5669 19.0233 14.33291 
 1994-10-01 -97.5669 19.0233 14.61611 
 1994-11-01 -97.5669 19.0233 13.64175 
 1994-12-01 -97.5669 19.0233 12.67251 
 1995-01-01 -97.5669 19.0233 12.26504 
 1995-02-01 -97.5669 19.0233 13.07632 
 1995-03-01 -97.5669 19.0233 14.20059 
 1995-04-01 -97.5669 19.0233 16.05166 
 1995-05-01 -97.5669 19.0233 16.13711 
 1995-06-01 -97.5669 19.0233 16.00967 
 1995-07-01 -97.5669 19.0233  14.5895 
 1995-08-01 -97.5669 19.0233 14.96157 
 1995-09-01 -97.5669 19.0233 14.80386 
 1995-10-01 -97.5669 19.0233 14.19863 
 1995-11-01 -97.5669 19.0233  13.1752 
 1995-12-01 -97.5669 19.0233 11.67202 
 1996-01-01 -97.5669 19.0233 10.76309 
 1996-02-01 -97.5669 19.0233 12.49819 
 1996-03-01 -97.5669 19.0233 13.41909 
 1996-04-01 -97.5669 19.0233 15.15054 
 1996-05-01 -97.5669 19.0233 16.21401 
 1996-06-01 -97.5669 19.0233 14.84951 
 1996-07-01 -97.5669 19.0233 14.87246 
 1996-08-01 -97.5669 19.0233 14.44522 
 1996-09-01 -97.5669 19.0233 15.31484 
 1996-10-01 -97.5669 19.0233  14.2604 
 1996-11-01 -97.5669 19.0233 11.86538 
 1996-12-01 -97.5669 19.0233  11.6686 
 1997-01-01 -97.5669 19.0233 10.64712 
 1997-02-01 -97.5669 19.0233 12.21646 
 1997-03-01 -97.5669 19.0233 13.49722 
 1997-04-01 -97.5669 19.0233 14.41567 
 1997-05-01 -97.5669 19.0233 14.68838 
 1997-06-01 -97.5669 19.0233 16.05093 
 1997-07-01 -97.5669 19.0233 15.16421 
 1997-08-01 -97.5669 19.0233  14.9999 
 1997-09-01 -97.5669 19.0233 14.79434 
 1997-10-01 -97.5669 19.0233 13.85586 
 1997-11-01 -97.5669 19.0233 12.93667 
 1997-12-01 -97.5669 19.0233 12.03457 
 1998-01-01 -97.5669 19.0233 11.24429 
 1998-02-01 -97.5669 19.0233 11.97402 
 1998-03-01 -97.5669 19.0233 14.67446 
 1998-04-01 -97.5669 19.0233 17.63687 
 1998-05-01 -97.5669 19.0233 17.82144 
 1998-06-01 -97.5669 19.0233 16.48477 
 1998-07-01 -97.5669 19.0233 14.98452 
 1998-08-01 -97.5669 19.0233 15.40493 
 1998-09-01 -97.5669 19.0233 15.16714 
 1998-10-01 -97.5669 19.0233 13.97451 
 1998-11-01 -97.5669 19.0233 13.33047 
 1998-12-01 -97.5669 19.0233  11.6022 
 1999-01-01 -97.5669 19.0233 10.60903 
 1999-02-01 -97.5669 19.0233 11.97769 
 1999-03-01 -97.5669 19.0233 13.68838 
 1999-04-01 -97.5669 19.0233 15.73379 
 1999-05-01 -97.5669 19.0233 14.91274 
 1999-06-01 -97.5669 19.0233 15.50088 
 1999-07-01 -97.5669 19.0233 14.12393 
 1999-08-01 -97.5669 19.0233 15.05166 
 1999-09-01 -97.5669 19.0233 14.36587 
 1999-10-01 -97.5669 19.0233 12.69766 
 1999-11-01 -97.5669 19.0233 11.35317 
 1999-12-01 -97.5669 19.0233 10.19546 
 2000-01-01 -97.5669 19.0233 10.77773 
 2000-02-01 -97.5669 19.0233 12.20815 
 2000-03-01 -97.5669 19.0233 14.35439 
 2000-04-01 -97.5669 19.0233 14.80093 
 2000-05-01 -97.5669 19.0233 14.81875 
 2000-06-01 -97.5669 19.0233 14.64272 
 2000-07-01 -97.5669 19.0233 14.45303 
 2000-08-01 -97.5669 19.0233 14.43643 
 2000-09-01 -97.5669 19.0233 14.77334 
 2000-10-01 -97.5669 19.0233  13.9186 
 2000-11-01 -97.5669 19.0233   13.652 
 2000-12-01 -97.5669 19.0233 10.48818 
 2001-01-01 -97.5669 19.0233 11.23818 
 2001-02-01 -97.5669 19.0233 11.94839 
 2001-03-01 -97.5669 19.0233  13.4479 
 2001-04-01 -97.5669 19.0233 15.13687 
 2001-05-01 -97.5669 19.0233 15.14663 
 2001-06-01 -97.5669 19.0233 14.05703 
 2001-07-01 -97.5669 19.0233 14.39077 
 2001-08-01 -97.5669 19.0233 14.13467 
 2001-09-01 -97.5669 19.0233 14.38003 
 2001-10-01 -97.5669 19.0233 13.44668 
 2001-11-01 -97.5669 19.0233 11.71621 
 2001-12-01 -97.5669 19.0233 11.39272 
 2002-01-01 -97.5669 19.0233 11.23379 
 2002-02-01 -97.5669 19.0233 11.81973 
 2002-03-01 -97.5669 19.0233 14.10269 
 2002-04-01 -97.5669 19.0233 14.77236 
 2002-05-01 -97.5669 19.0233 15.60732 
 2002-06-01 -97.5669 19.0233 15.15762 
 2002-07-01 -97.5669 19.0233 14.45938 
 2002-08-01 -97.5669 19.0233 14.75259 
 2002-09-01 -97.5669 19.0233 14.94448 
 2002-10-01 -97.5669 19.0233  14.6542 
 2002-11-01 -97.5669 19.0233   11.725 
 2002-12-01 -97.5669 19.0233  11.3207 
 2003-01-01 -97.5669 19.0233 10.85366 
 2003-02-01 -97.5669 19.0233 13.13296 
 2003-03-01 -97.5669 19.0233 14.55313 
 2003-04-01 -97.5669 19.0233  16.1542 
 2003-05-01 -97.5669 19.0233 16.56899 
 2003-06-01 -97.5669 19.0233 15.34536 
 2003-07-01 -97.5669 19.0233 14.60391 
 2003-08-01 -97.5669 19.0233 14.65786 
 2003-09-01 -97.5669 19.0233 14.72378 
 2003-10-01 -97.5669 19.0233 14.39028 
 2003-11-01 -97.5669 19.0233 13.14639 
 2003-12-01 -97.5669 19.0233 10.10635 
 2004-01-01 -97.5669 19.0233 10.06118 
 2004-02-01 -97.5669 19.0233 11.53555 
 2004-03-01 -97.5669 19.0233 13.13711 
 2004-04-01 -97.5669 19.0233 14.68545 
 2004-05-01 -97.5669 19.0233 15.04873 
 2004-06-01 -97.5669 19.0233 14.65957 
 2004-07-01 -97.5669 19.0233 14.83779 
 2004-08-01 -97.5669 19.0233  15.1166 
 2004-09-01 -97.5669 19.0233 15.13955 
 2004-10-01 -97.5669 19.0233 14.96523 
 2004-11-01 -97.5669 19.0233 12.89907 
 2004-12-01 -97.5669 19.0233 10.80508 
 2005-01-01 -97.5669 19.0233 10.90103 
 2005-02-01 -97.5669 19.0233  12.7145 
 2005-03-01 -97.5669 19.0233 14.58047 
 2005-04-01 -97.5669 19.0233 15.93789 
 2005-05-01 -97.5669 19.0233  15.4562 
 2005-06-01 -97.5669 19.0233 16.47061 
 2005-07-01 -97.5669 19.0233 15.67202 
 2005-08-01 -97.5669 19.0233 15.20864 
 2005-09-01 -97.5669 19.0233  15.1127 
 2005-10-01 -97.5669 19.0233 14.19863 
 2005-11-01 -97.5669 19.0233 12.76089 
 2005-12-01 -97.5669 19.0233 11.95449 
 2006-01-01 -97.5669 19.0233 11.23892 
 2006-02-01 -97.5669 19.0233 12.49893 
 2006-03-01 -97.5669 19.0233  13.9916 
 2006-04-01 -97.5669 19.0233 15.17373 
 2006-05-01 -97.5669 19.0233 14.86758 
 2006-06-01 -97.5669 19.0233 15.17959 
 2006-07-01 -97.5669 19.0233  14.8334 
 2006-08-01 -97.5669 19.0233 14.83511 
 2006-09-01 -97.5669 19.0233 15.18862 
 2006-10-01 -97.5669 19.0233 14.89419 
 2006-11-01 -97.5669 19.0233 12.13418 
 2006-12-01 -97.5669 19.0233 11.48062 
 2007-01-01 -97.5669 19.0233 11.91079 
 2007-02-01 -97.5669 19.0233 12.94033 
 2007-03-01 -97.5669 19.0233  13.7936 
 2007-04-01 -97.5669 19.0233 14.85366 
 2007-05-01 -97.5669 19.0233 15.24014 
 2007-06-01 -97.5669 19.0233 15.37979 
 2007-07-01 -97.5669 19.0233 14.65151 
 2007-08-01 -97.5669 19.0233 15.00894 
 2007-09-01 -97.5669 19.0233 14.78652 
 2007-10-01 -97.5669 19.0233 13.61807 
 2007-11-01 -97.5669 19.0233 12.45278 
 2007-12-01 -97.5669 19.0233 12.26284 
 2008-01-01 -97.5669 19.0233  10.9645 
 2008-02-01 -97.5669 19.0233 13.27114 
 2008-03-01 -97.5669 19.0233 13.46426 
 2008-04-01 -97.5669 19.0233 14.99502 
 2008-05-01 -97.5669 19.0233 15.51235 
 2008-06-01 -97.5669 19.0233   14.579 
 2008-07-01 -97.5669 19.0233  14.2792 
 2008-08-01 -97.5669 19.0233 15.16421 
 2008-09-01 -97.5669 19.0233 14.87637 
 2008-10-01 -97.5669 19.0233 13.63516 
 2008-11-01 -97.5669 19.0233   12.204 
 2008-12-01 -97.5669 19.0233  11.3832 
 2009-01-01 -97.5669 19.0233 11.55606 
 2009-02-01 -97.5669 19.0233   12.277 
 2009-03-01 -97.5669 19.0233 13.97329 
 2009-04-01 -97.5669 19.0233 15.71743 
 2009-05-01 -97.5669 19.0233 15.46768 
 2009-06-01 -97.5669 19.0233  15.7853 
 2009-07-01 -97.5669 19.0233 15.49868 
 2009-08-01 -97.5669 19.0233 15.29092 
 2009-09-01 -97.5669 19.0233 15.00503 
 2009-10-01 -97.5669 19.0233 15.24356 
 2009-11-01 -97.5669 19.0233 12.43472 
 2009-12-01 -97.5669 19.0233 12.07485 
 2010-01-01 -97.5669 19.0233 10.18594 
 2010-02-01 -97.5669 19.0233   11.225 
 2010-03-01 -97.5669 19.0233 14.70864 
 2010-04-01 -97.5669 19.0233 15.69692 
 2010-05-01 -97.5669 19.0233 17.47744 
 2010-06-01 -97.5669 19.0233 16.86929 
 2010-07-01 -97.5669 19.0233 15.25723 
 2010-08-01 -97.5669 19.0233 15.46206 
 2010-09-01 -97.5669 19.0233 14.95278 
 2010-10-01 -97.5669 19.0233 13.83438 
 2010-11-01 -97.5669 19.0233 12.09609 
 2010-12-01 -97.5669 19.0233 10.24746 
 2011-01-01 -97.5669 19.0233 11.66348 
 2011-02-01 -97.5669 19.0233 12.79678 
 2011-03-01 -97.5669 19.0233 13.84731 
 2011-04-01 -97.5669 19.0233 15.92642 
 2011-05-01 -97.5669 19.0233 16.16689 
 2011-06-01 -97.5669 19.0233 15.20742 
 2011-07-01 -97.5669 19.0233 14.76968 
 2011-08-01 -97.5669 19.0233 15.53237 
 2011-09-01 -97.5669 19.0233 14.62026 
 2011-10-01 -97.5669 19.0233 13.48525 
 2011-11-01 -97.5669 19.0233 12.65713 
 2011-12-01 -97.5669 19.0233  11.2394 
 2012-01-01 -97.5669 19.0233 11.41665 
 2012-02-01 -97.5669 19.0233 12.28091 
 2012-03-01 -97.5669 19.0233 13.66397 
 2012-04-01 -97.5669 19.0233 14.05972 
 2012-05-01 -97.5669 19.0233 15.86856 
 2012-06-01 -97.5669 19.0233  15.2853 
 2012-07-01 -97.5669 19.0233 14.11221 
 2012-08-01 -97.5669 19.0233 14.84487 
 2012-09-01 -97.5669 19.0233 14.69204 
 2012-10-01 -97.5669 19.0233 14.06704 
 2012-11-01 -97.5669 19.0233 12.17642 
 2012-12-01 -97.5669 19.0233  11.9999 
 2013-01-01 -97.5669 19.0233 11.72256 
 2013-02-01 -97.5669 19.0233 14.09731 
 2013-03-01 -97.5669 19.0233 13.13833 
 2013-04-01 -97.5669 19.0233 16.20376 
 2013-05-01 -97.5669 19.0233 15.86025 
 2013-06-01 -97.5669 19.0233 15.75283 
 2013-07-01 -97.5669 19.0233 15.24429 
 2013-08-01 -97.5669 19.0233 15.34146 
 2013-09-01 -97.5669 19.0233 14.91567 
 2013-10-01 -97.5669 19.0233 14.69155 
 2013-11-01 -97.5669 19.0233 13.00161 
 2013-12-01 -97.5669 19.0233 12.40835 
 2014-01-01 -97.5669 19.0233  10.5314 
 2014-02-01 -97.5669 19.0233 13.50674 
 2014-03-01 -97.5669 19.0233 14.74697 
 2014-04-01 -97.5669 19.0233 15.61123 
 2014-05-01 -97.5669 19.0233 15.02505 
 2014-06-01 -97.5669 19.0233 15.45083 
 2014-07-01 -97.5669 19.0233 14.49453 
 2014-08-01 -97.5669 19.0233 15.30703 
 2014-09-01 -97.5669 19.0233 15.15786 
 2014-10-01 -97.5669 19.0233 14.30557 
 2014-11-01 -97.5669 19.0233 13.14956 
 2014-12-01 -97.5669 19.0233 11.90469 
 2015-01-01 -97.5669 19.0233 11.12051 
 2015-02-01 -97.5669 19.0233 12.35073 
 2015-03-01 -97.5669 19.0233 12.97695 
 2015-04-01 -97.5669 19.0233  15.7897 
 2015-05-01 -97.5669 19.0233 15.15762 
 2015-06-01 -97.5669 19.0233 15.30679 
 2015-07-01 -97.5669 19.0233 14.97402 
 2015-08-01 -97.5669 19.0233 15.63272 
 2015-09-01 -97.5669 19.0233 15.13198 
 2015-10-01 -97.5669 19.0233 15.18691 
 2015-11-01 -97.5669 19.0233 14.39224 
 2015-12-01 -97.5669 19.0233 13.07705 
 2016-01-01 -97.5669 19.0233 11.04385 
 2016-02-01 -97.5669 19.0233 11.93521 
 2016-03-01 -97.5669 19.0233  13.8915 
 2016-04-01 -97.5669 19.0233  16.5104 
 2016-05-01 -97.5669 19.0233  17.0187 
 2016-06-01 -97.5669 19.0233 15.32778 
 2016-07-01 -97.5669 19.0233 15.34023 
 2016-08-01 -97.5669 19.0233 15.53823 
 2016-09-01 -97.5669 19.0233  15.1249 
 2016-10-01 -97.5669 19.0233 14.40835 
 2016-11-01 -97.5669 19.0233 12.91372 
 2016-12-01 -97.5669 19.0233 12.89761 
 2017-01-01 -97.5669 19.0233 11.74356 
 2017-02-01 -97.5669 19.0233  12.7377 
 2017-03-01 -97.5669 19.0233 13.62564 
 2017-04-01 -97.5669 19.0233 15.27383 
 2017-05-01 -97.5669 19.0233 16.61587 
 2017-06-01 -97.5669 19.0233 15.89199 
 2017-07-01 -97.5669 19.0233 14.77188 
 2017-08-01 -97.5669 19.0233 15.60855 
 2017-09-01 -97.5669 19.0233 15.36147 
 2017-10-01 -97.5669 19.0233 14.43521 
 2017-11-01 -97.5669 19.0233 13.05825 
 2017-12-01 -97.5669 19.0233 11.49551 
 2018-01-01 -97.5669 19.0233 10.34902 
 2018-02-01 -97.5669 19.0233 13.21768 
 2018-03-01 -97.5669 19.0233 15.12026 
 2018-04-01 -97.5669 19.0233 15.05459 
 2018-05-01 -97.5669 19.0233 15.95156 
 2018-06-01 -97.5669 19.0233 15.20693 
 2018-07-01 -97.5669 19.0233 14.86343 
 2018-08-01 -97.5669 19.0233 14.92349 
 2018-09-01 -97.5669 19.0233 15.56314 
 2018-10-01 -97.5669 19.0233 15.02456 
 2018-11-01 -97.5669 19.0233 13.76992 
 2018-12-01 -97.5669 19.0233 11.83828 
 2019-01-01 -97.5669 19.0233 11.87686 
 2019-02-01 -97.5669 19.0233 14.76235 
 2019-03-01 -97.5669 19.0233 14.88345 
 2019-04-01 -97.5669 19.0233 15.82412 
 2019-05-01 -97.5669 19.0233 16.92666 
 2019-06-01 -97.5669 19.0233 15.90884 
 2019-07-01 -97.5669 19.0233 14.71939 
 2019-08-01 -97.5669 19.0233 15.48159 
 2019-09-01 -97.5669 19.0233 15.29556 
 2019-10-01 -97.5669 19.0233 15.09585 
 2019-11-01 -97.5669 19.0233 14.09097 
 2019-12-01 -97.5669 19.0233 12.42178 
 2020-01-01 -97.5669 19.0233 11.69375 
 2020-02-01 -97.5669 19.0233 13.76211 
 2020-03-01 -97.5669 19.0233 15.50479 
 2020-04-01 -97.5669 19.0233 16.84316 
 2020-05-01 -97.5669 19.0233 16.20352 
 2020-06-01 -97.5669 19.0233 16.15762 
 2020-07-01 -97.5669 19.0233 15.40786 
 2020-08-01 -97.5669 19.0233 15.64419 
 2020-09-01 -97.5669 19.0233  15.1708 
 2020-10-01 -97.5669 19.0233 14.40762 
 2020-11-01 -97.5669 19.0233 13.56143 
 2020-12-01 -97.5669 19.0233 12.17056 
 2021-01-01 -97.5669 19.0233 12.18716 
 2021-02-01 -97.5669 19.0233 13.31094 
 2021-03-01 -97.5669 19.0233 15.13394 
 2021-04-01 -97.5669 19.0233 15.98843 
 2021-05-01 -97.5669 19.0233 15.70376 
 2021-06-01 -97.5669 19.0233 14.95962 
 2021-07-01 -97.5669 19.0233 15.03213 
 2021-08-01 -97.5669 19.0233 15.18691 
 2021-09-01 -97.5669 19.0233 15.08901 
 2021-10-01 -97.5669 19.0233 15.06143 
 2021-11-01 -97.5669 19.0233 12.40933 
 2021-12-01 -97.5669 19.0233 12.64175 
 2022-01-01 -97.5669 19.0233 11.59097 
 2022-02-01 -97.5669 19.0233 11.94424 
 2022-03-01 -97.5669 19.0233 14.18643 
 2022-04-01 -97.5669 19.0233 15.67886 
 2022-05-01 -97.5669 19.0233 16.14541 
 2022-06-01 -97.5669 19.0233 15.43472 
 2022-07-01 -97.5669 19.0233  15.4523 
 2022-08-01 -97.5669 19.0233 14.95449 
 2022-09-01 -97.5669 19.0233 14.72329 
 2022-10-01 -97.5669 19.0233 14.72036 
 2022-11-01 -97.5669 19.0233 13.96353 
 2022-12-01 -97.5669 19.0233  11.0541 
 2023-01-01 -97.5669 19.0233 11.64981 
 2023-02-01 -97.5669 19.0233 12.84121 
 2023-03-01 -97.5669 19.0233 14.94814 
 2023-04-01 -97.5669 19.0233 15.72036 
 2023-05-01 -97.5669 19.0233 15.47183 
 2023-06-01 -97.5669 19.0233  17.3019 
 2023-07-01 -97.5669 19.0233 15.84268 
 2023-08-01 -97.5669 19.0233 15.95278 
 2023-09-01 -97.5669 19.0233 16.57119 
 2023-10-01 -97.5669 19.0233 15.71328 
 2023-11-01 -97.5669 19.0233   14.496 
 2023-12-01 -97.5669 19.0233 11.89981 
 2024-01-01 -97.5669 19.0233 13.53433 
 2024-02-01 -97.5669 19.0233 14.81484 
 2024-03-01 -97.5669 19.0233 17.17666 
 2024-04-01 -97.5669 19.0233  17.1708 
 2024-05-01 -97.5669 19.0233 18.78994 
 2024-06-01 -97.5669 19.0233 17.16128 
 2024-07-01 -97.5669 19.0233    15.85 
 2024-08-01 -97.5669 19.0233 15.76895 
 2024-09-01 -97.5669 19.0233 16.04092 
 2024-10-01 -97.5669 19.0233 14.10659 
 2024-11-01 -97.5669 19.0233 13.91982 
 2024-12-01 -97.5669 19.0233 11.91494 
 2025-01-01 -97.5669 19.0233 12.25894 
 2025-02-01 -97.5669 19.0233 13.69717 
 2025-03-01 -97.5669 19.0233 15.59951 
 2025-04-01 -97.5669 19.0233 15.38784 
 2025-05-01 -97.5669 19.0233 16.53262 
 2025-06-01 -97.5669 19.0233 15.11489 
 2025-07-01 -97.5669 19.0233 14.99551 
 2025-08-01 -97.5669 19.0233 15.51577 
 2025-09-01 -97.5669 19.0233 15.83755 
 2025-10-01 -97.5669 19.0233 14.84658 
 2025-11-01 -97.5669 19.0233 13.50772 
 2025-12-01 -97.5669 19.0233 12.42129 
